n,t,x,y,z,rx,ry,rz,fx,fy,fz,tx,ty,tz,skin,pinching
0,0.0,-0.206046,-0.335846,0.156508,1.85188,-0.70669,-1.8073,0,0,0,0,0,0,11729,11714,11767,11745,11726,11824,11816,11779,11767,11777,11420,11777,11786,11718,11797,11738,0
1,0.046875,-0.206025,-0.335864,0.156497,1.85192,-0.706697,-1.807,0,0,0,0,0,0,11727,11712,11773,11760,11725,11805,11811,11775,11768,11778,11438,11780,11785,11712,11792,11735,0
2,0.0937490463256836,-0.206032,-0.335858,0.156504,1.85192,-0.706699,-1.8073,0,0,0,0,0,0,11746,11713,11769,11754,11714,11806,11814,11775,11780,11782,11415,11774,11778,11709,11795,11753,0
3,0.14065194129943848,-0.206036,-0.335851,0.156495,1.85188,-0.706672,-1.8073,0,0,0,0,0,0,11728,11706,11763,11758,11727,11826,11816,11766,11776,11773,11425,11779,11786,11718,11799,11736,0
4,0.1874995231628418,-0.206025,-0.335873,0.156512,1.8519,-0.70664,-1.8073,0,0,0,0,0,0,11732,11709,11775,11761,11724,11809,11801,11761,11774,11780,11439,11778,11773,11711,11789,11740,0
5,0.23437285423278809,-0.206054,-0.335842,0.156506,1.85191,-0.706706,-1.8073,0,0,0,0,0,0,11745,11707,11757,11755,11721,11822,11813,11777,11779,11778,11429,11777,11771,11716,11795,11752,0
6,0.2812480926513672,-0.206027,-0.335873,0.156518,1.8519,-0.706744,-1.8072,0,0,0,0,0,0,11730,11709,11753,11759,11725,11826,11815,11763,11777,11774,11431,11779,11787,11720,11791,11744,0
7,0.3281223773956299,-0.206027,-0.335862,0.156509,1.85188,-0.70674,-1.8073,0,0,0,0,0,0,11738,11724,11779,11766,11721,11821,11815,11757,11781,11786,11439,11779,11769,11714,11783,11745,0
8,0.3749964237213135,-0.206049,-0.335845,0.156496,1.8519,-0.706581,-1.807,0,0,0,0,0,0,11743,11718,11760,11757,11713,11823,11812,11772,11780,11767,11437,11776,11772,11718,11795,11753,0
9,0.4228696823120117,-0.206036,-0.335853,0.156502,1.85188,-0.706664,-1.8073,0,0,0,0,0,0,11738,11709,11764,11759,11726,11825,11812,11766,11774,11766,11438,11780,11785,11717,11780,11751,0
10,0.4687466621398926,-0.206027,-0.335869,0.156516,1.8519,-0.706743,-1.8073,0,0,0,0,0,0,11739,11705,11779,11766,11711,11826,11809,11766,11783,11785,11445,11781,11786,11720,11782,11756,0
11,0.5156207084655762,-0.206043,-0.335851,0.156504,1.85189,-0.706735,-1.8073,0,0,0,0,0,0,11745,11713,11778,11763,11714,11829,11821,11777,11783,11767,11441,11775,11788,11725,11801,11757,0
12,0.5625269412994385,-0.206025,-0.335871,0.156518,1.85188,-0.706797,-1.8072,0,0,0,0,0,0,11743,11701,11777,11766,11732,11831,11808,11772,11781,11774,11442,11786,11794,11724,11788,11754,0
13,0.6103990077972412,-0.206024,-0.335872,0.156517,1.85191,-0.706714,-1.8072,0,0,0,0,0,0,11748,11719,11780,11765,11721,11827,11805,11774,11783,11786,11444,11766,11787,11719,11791,11756,0
14,0.6572418212890625,-0.20606,-0.33584,0.1565,1.85191,-0.706714,-1.8073,0,0,0,0,0,0,11747,11704,11776,11759,11725,11830,11814,11777,11779,11778,11440,11769,11789,11726,11798,11759,0
15,0.7041168212890625,-0.206068,-0.33583,0.156491,1.85192,-0.706644,-1.8074,0,0,0,0,0,0,11743,11698,11780,11767,11731,11830,11802,11772,11771,11781,11443,11787,11789,11717,11795,11754,0
16,0.7510232925415039,-0.206026,-0.335862,0.1565,1.85192,-0.706571,-1.807,0,0,0,0,0,0,11746,11729,11782,11753,11728,11827,11807,11780,11786,11784,11450,11768,11788,11713,11791,11757,0
17,0.7988936901092529,-0.206057,-0.335837,0.156505,1.85187,-0.706779,-1.8073,0,0,0,0,0,0,11747,11708,11778,11750,11731,11832,11824,11781,11768,11781,11439,11774,11791,11725,11803,11759,0
18,0.8457376956939697,-0.206038,-0.335856,0.156519,1.85188,-0.706745,-1.8072,0,0,0,0,0,0,11739,11712,11786,11768,11732,11826,11812,11778,11766,11785,11442,11786,11791,11706,11796,11750,0
19,0.8926126956939697,-0.206044,-0.335853,0.156505,1.85191,-0.706663,-1.807,0,0,0,0,0,0,11742,11720,11783,11745,11729,11819,11815,11782,11783,11785,11436,11779,11787,11706,11799,11757,0
20,0.9384894371032715,-0.206044,-0.335837,0.156506,1.8519,-0.706778,-1.8073,0,0,0,0,0,0,11737,11716,11771,11748,11732,11830,11820,11776,11771,11782,11433,11780,11791,11724,11800,11749,0
21,0.9863903522491455,-0.20604,-0.335844,0.156492,1.85187,-0.70673,-1.8073,0,0,0,0,0,0,11732,11718,11780,11768,11734,11813,11816,11771,11769,11785,11446,11786,11792,11709,11796,11743,0
22,1.0322387218475342,-0.206045,-0.335844,0.15649,1.85192,-0.706621,-1.8074,0,0,0,0,0,0,11742,11722,11779,11757,11730,11814,11825,11784,11775,11785,11429,11782,11785,11714,11800,11761,0
23,1.0791146755218506,-0.206053,-0.335839,0.156515,1.85189,-0.706815,-1.8073,0,0,0,0,0,0,11726,11711,11771,11759,11731,11832,11818,11778,11777,11783,11423,11784,11790,11724,11802,11735,0
24,1.1259877681732178,-0.206051,-0.335855,0.156503,1.85191,-0.706691,-1.8073,0,0,0,0,0,0,11729,11712,11778,11766,11731,11814,11817,11773,11779,11784,11440,11780,11778,11709,11792,11736,0
25,1.173860788345337,-0.206038,-0.335852,0.156502,1.8519,-0.706585,-1.8074,0,0,0,0,0,0,11741,11713,11759,11754,11719,11809,11813,11769,11779,11778,11420,11773,11772,11714,11793,11753,0
26,1.2217319011688232,-0.20603,-0.335871,0.156514,1.85191,-0.706723,-1.8073,0,0,0,0,0,0,11734,11704,11761,11763,11728,11830,11821,11759,11775,11781,11425,11781,11789,11720,11797,11743,0
27,1.2686076164245605,-0.206037,-0.335862,0.156506,1.85187,-0.706704,-1.8073,0,0,0,0,0,0,11734,11718,11783,11768,11727,11820,11816,11756,11783,11787,11450,11787,11774,11719,11792,11753,0
28,1.3154819011688232,-0.206052,-0.335851,0.156508,1.85191,-0.706679,-1.8073,0,0,0,0,0,0,11748,11720,11763,11763,11720,11825,11821,11776,11785,11777,11444,11782,11775,11719,11799,11759,0
29,1.3623874187469482,-0.206043,-0.335863,0.15652,1.8519,-0.706708,-1.8073,0,0,0,0,0,0,11741,11712,11763,11758,11726,11826,11816,11759,11775,11767,11437,11780,11787,11722,11785,11751,0
30,1.4082326889038086,-0.206042,-0.335857,0.156504,1.85186,-0.706672,-1.8073,0,0,0,0,0,0,11739,11711,11775,11762,11711,11818,11808,11769,11781,11788,11445,11788,11781,11719,11788,11756,0
31,1.4561066627502441,-0.206051,-0.335846,0.156507,1.8519,-0.706715,-1.8073,0,0,0,0,0,0,11746,11709,11771,11764,11715,11828,11820,11777,11783,11768,11440,11777,11783,11722,11800,11756,0
32,1.501983880996704,-0.206044,-0.335844,0.156501,1.85191,-0.706691,-1.8073,0,0,0,0,0,0,11746,11705,11774,11760,11729,11826,11799,11776,11776,11760,11439,11781,11787,11719,11780,11749,0
33,1.5508522987365723,-0.206051,-0.335847,0.156512,1.85186,-0.706827,-1.8072,0,0,0,0,0,0,11740,11713,11775,11762,11713,11815,11805,11773,11780,11784,11451,11777,11788,11721,11785,11758,0
34,1.5959949493408203,-0.206045,-0.335853,0.156506,1.8519,-0.706732,-1.8073,0,0,0,0,0,0,11750,11702,11778,11762,11719,11832,11820,11778,11787,11778,11443,11775,11788,11723,11805,11762,0
35,1.6440448760986328,-0.206054,-0.335843,0.156499,1.85193,-0.706712,-1.8074,0,0,0,0,0,0,11748,11702,11782,11770,11735,11833,11804,11775,11780,11779,11444,11787,11792,11724,11792,11756,0
36,1.6898837089538574,-0.206028,-0.33586,0.156512,1.85189,-0.70674,-1.8073,0,0,0,0,0,0,11748,11714,11785,11763,11725,11829,11804,11778,11785,11791,11449,11767,11787,11718,11793,11760,0
37,1.7380998134613037,-0.206038,-0.33586,0.156522,1.8519,-0.706831,-1.8072,0,0,0,0,0,0,11750,11703,11778,11754,11730,11834,11821,11780,11768,11783,11442,11770,11794,11726,11802,11760,0
38,1.7849488258361816,-0.206043,-0.33585,0.156511,1.85193,-0.706656,-1.8073,0,0,0,0,0,0,11745,11702,11780,11768,11735,11832,11809,11774,11772,11783,11446,11788,11795,11715,11801,11755,0
39,1.8310654163360596,-0.206025,-0.33588,0.156516,1.85191,-0.706727,-1.8072,0,0,0,0,0,0,11750,11720,11787,11751,11730,11827,11811,11779,11786,11791,11445,11775,11789,11716,11801,11759,0
40,1.8789725303649902,-0.206027,-0.335868,0.156507,1.85189,-0.706723,-1.8072,0,0,0,0,0,0,11750,11710,11780,11749,11734,11833,11827,11781,11769,11784,11439,11778,11792,11726,11802,11759,0
41,1.9260082244873047,-0.20604,-0.335845,0.156513,1.85189,-0.706755,-1.8073,0,0,0,0,0,0,11742,11717,11781,11771,11733,11823,11816,11774,11767,11787,11446,11790,11797,11705,11799,11751,0
42,1.9733059406280518,-0.206037,-0.335863,0.156502,1.85189,-0.706587,-1.8073,0,0,0,0,0,0,11752,11716,11782,11753,11731,11820,11818,11777,11785,11789,11441,11780,11790,11708,11801,11763,0
43,2.020026206970215,-0.206033,-0.335853,0.15651,1.85191,-0.706693,-1.8073,0,0,0,0,0,0,11735,11713,11775,11754,11735,11834,11826,11770,11773,11784,11434,11783,11795,11725,11805,11746,0
44,2.0669355392456055,-0.206051,-0.335844,0.156504,1.8519,-0.706708,-1.807,0,0,0,0,0,0,11737,11717,11785,11771,11735,11815,11821,11774,11776,11786,11448,11789,11793,11717,11802,11744,0
45,2.113948345184326,-0.206021,-0.335873,0.156517,1.85191,-0.706794,-1.8072,0,0,0,0,0,0,11752,11730,11772,11760,11720,11812,11822,11779,11787,11791,11429,11785,11785,11720,11802,11763,0
46,2.161926507949829,-0.206047,-0.335848,0.156508,1.85192,-0.706714,-1.8073,0,0,0,0,0,0,11732,11726,11766,11763,11731,11831,11823,11775,11778,11782,11428,11784,11791,11724,11802,11742,0
47,2.208801031112671,-0.206055,-0.335831,0.156504,1.85189,-0.706587,-1.8074,0,0,0,0,0,0,11731,11721,11778,11768,11732,11817,11818,11773,11779,11787,11445,11789,11776,11722,11795,11744,0
48,2.2546777725219727,-0.206045,-0.335846,0.156498,1.85189,-0.706653,-1.8074,0,0,0,0,0,0,11745,11724,11762,11763,11731,11821,11818,11776,11788,11785,11436,11783,11775,11722,11800,11758,0
49,2.3015518188476562,-0.206033,-0.335867,0.156513,1.85192,-0.706733,-1.8073,0,0,0,0,0,0,11737,11718,11757,11765,11732,11831,11822,11762,11780,11780,11440,11789,11793,11728,11797,11751,0
50,2.3488569259643555,-0.206039,-0.335851,0.156506,1.85191,-0.706732,-1.807,0,0,0,0,0,0,11745,11722,11786,11771,11721,11827,11811,11764,11783,11788,11447,11792,11778,11725,11786,11754,0
51,2.395833730697632,-0.206054,-0.335826,0.156495,1.85187,-0.70677,-1.8073,0,0,0,0,0,0,11748,11726,11769,11767,11721,11831,11823,11780,11786,11776,11439,11782,11779,11725,11804,11762,0
52,2.4427623748779297,-0.206044,-0.335853,0.156497,1.85192,-0.706684,-1.8073,0,0,0,0,0,0,11746,11716,11773,11768,11734,11833,11821,11769,11785,11772,11440,11784,11789,11723,11775,11750,0
53,2.4898388385772705,-0.206041,-0.335861,0.156504,1.85189,-0.706641,-1.8073,0,0,0,0,0,0,11743,11723,11776,11767,11711,11825,11808,11763,11782,11783,11443,11780,11780,11718,11777,11752,0
54,2.536773920059204,-0.206048,-0.335844,0.156503,1.85193,-0.70674,-1.8073,0,0,0,0,0,0,11748,11718,11777,11765,11717,11831,11825,11778,11789,11770,11444,11780,11787,11726,11805,11760,0
55,2.5849504470825195,-0.206042,-0.335853,0.156519,1.85191,-0.706776,-1.807,0,0,0,0,0,0,11745,11716,11778,11768,11734,11833,11808,11780,11781,11770,11449,11791,11794,11726,11785,11764,0
56,2.630436658859253,-0.206049,-0.335844,0.156502,1.8519,-0.706757,-1.8073,0,0,0,0,0,0,11747,11726,11784,11767,11722,11832,11807,11772,11789,11789,11450,11773,11792,11720,11786,11758,0
57,2.6776983737945557,-0.206024,-0.335874,0.156517,1.8519,-0.706688,-1.8073,0,0,0,0,0,0,11753,11708,11778,11761,11718,11832,11824,11780,11784,11780,11445,11771,11793,11728,11807,11757,0
58,2.7245469093322754,-0.20603,-0.335865,0.156511,1.8519,-0.706728,-1.8072,0,0,0,0,0,0,11740,11698,11777,11763,11730,11828,11801,11777,11773,11778,11440,11784,11789,11716,11793,11752,0
59,2.7728052139282227,-0.20605,-0.335846,0.156516,1.85188,-0.706772,-1.8073,0,0,0,0,0,0,11744,11718,11779,11759,11729,11829,11807,11775,11788,11789,11450,11771,11789,11715,11799,11762,0
60,2.818588972091675,-0.206041,-0.335845,0.156511,1.85193,-0.706676,-1.8074,0,0,0,0,0,0,11750,11703,11779,11756,11732,11833,11824,11779,11773,11784,11447,11772,11794,11727,11802,11763,0
61,2.8656251430511475,-0.206057,-0.335841,0.156495,1.85192,-0.706643,-1.8074,0,0,0,0,0,0,11743,11718,11781,11772,11734,11829,11813,11771,11768,11785,11450,11787,11795,11713,11800,11753,0
62,2.912358045578003,-0.20606,-0.335821,0.156493,1.85191,-0.706689,-1.8074,0,0,0,0,0,0,11749,11726,11784,11750,11730,11823,11816,11787,11790,11789,11445,11781,11789,11710,11802,11763,0
63,2.9594364166259766,-0.206034,-0.335851,0.156508,1.85189,-0.706746,-1.8072,0,0,0,0,0,0,11739,11718,11783,11750,11737,11834,11827,11779,11770,11785,11438,11789,11794,11724,11803,11751,0
64,3.0075066089630127,-0.206054,-0.335839,0.1565,1.85187,-0.706665,-1.8073,0,0,0,0,0,0,11733,11717,11785,11767,11732,11815,11816,11777,11769,11784,11447,11789,11789,11712,11797,11745,0
65,3.053358554840088,-0.206026,-0.335864,0.156507,1.8519,-0.706659,-1.8072,0,0,0,0,0,0,11747,11730,11779,11756,11729,11815,11818,11784,11784,11788,11430,11788,11785,11711,11799,11756,0
66,3.102229118347168,-0.206031,-0.335855,0.156523,1.8519,-0.706798,-1.807,0,0,0,0,0,0,11729,11715,11772,11759,11731,11832,11823,11777,11776,11782,11428,11785,11793,11724,11802,11742,0
67,3.147453546524048,-0.206032,-0.335863,0.156515,1.85191,-0.706709,-1.8073,0,0,0,0,0,0,11729,11718,11785,11772,11735,11815,11827,11767,11779,11787,11446,11791,11789,11720,11800,11743,0
68,3.194455862045288,-0.206055,-0.335833,0.156494,1.85189,-0.706647,-1.8074,0,0,0,0,0,0,11743,11722,11770,11768,11730,11819,11823,11779,11787,11782,11427,11785,11781,11721,11800,11763,0
69,3.2421960830688477,-0.206015,-0.335878,0.156531,1.85189,-0.70682,-1.8072,0,0,0,0,0,0,11737,11719,11766,11769,11736,11829,11826,11763,11784,11782,11435,11786,11795,11729,11801,11746,0
70,3.2893192768096924,-0.206034,-0.335865,0.156507,1.85191,-0.706695,-1.8072,0,0,0,0,0,0,11738,11715,11785,11770,11730,11825,11814,11761,11788,11790,11451,11789,11774,11723,11797,11750,0
71,3.3351118564605713,-0.206029,-0.335869,0.156497,1.85192,-0.706647,-1.8073,0,0,0,0,0,0,11752,11723,11767,11766,11726,11828,11821,11780,11790,11781,11442,11784,11777,11724,11804,11761,0
72,3.382232427597046,-0.206043,-0.33585,0.15651,1.85189,-0.70673,-1.8073,0,0,0,0,0,0,11753,11719,11768,11765,11736,11835,11824,11763,11781,11775,11442,11790,11794,11728,11794,11754,0
73,3.4297430515289307,-0.206065,-0.335837,0.1565,1.85189,-0.706628,-1.8074,0,0,0,0,0,0,11747,11721,11784,11771,11721,11827,11818,11765,11788,11791,11450,11787,11782,11724,11790,11757,0
74,3.476332187652588,-0.206037,-0.33586,0.156512,1.85188,-0.706708,-1.8073,0,0,0,0,0,0,11750,11716,11781,11769,11717,11831,11823,11779,11787,11772,11445,11782,11784,11725,11805,11761,0
75,3.523346424102783,-0.206043,-0.335836,0.156501,1.85188,-0.706647,-1.807,0,0,0,0,0,0,11747,11711,11778,11771,11736,11833,11819,11773,11785,11770,11447,11794,11795,11729,11786,11758,0
76,3.570322036743164,-0.206035,-0.335858,0.156506,1.85191,-0.706698,-1.8073,0,0,0,0,0,0,11748,11730,11785,11772,11718,11827,11811,11776,11786,11789,11450,11780,11789,11720,11785,11760,0
77,3.617326021194458,-0.206057,-0.335837,0.156505,1.85191,-0.706686,-1.807,0,0,0,0,0,0,11756,11705,11779,11765,11723,11831,11826,11779,11787,11778,11445,11774,11793,11728,11800,11762,0
78,3.6643102169036865,-0.206056,-0.335828,0.156494,1.85186,-0.706704,-1.807,0,0,0,0,0,0,11748,11707,11781,11772,11736,11834,11806,11775,11778,11778,11448,11788,11795,11729,11795,11757,0
79,3.7109923362731934,-0.206032,-0.335862,0.156516,1.85188,-0.706697,-1.8073,0,0,0,0,0,0,11750,11722,11788,11764,11727,11831,11805,11789,11787,11785,11450,11770,11789,11719,11800,11761,0
80,3.7591803073883057,-0.206044,-0.335848,0.156513,1.8519,-0.706758,-1.8073,0,0,0,0,0,0,11755,11708,11781,11758,11731,11832,11826,11781,11780,11783,11447,11767,11789,11730,11803,11763,0
81,3.806020975112915,-0.206025,-0.335876,0.156512,1.85192,-0.706619,-1.8073,0,0,0,0,0,0,11747,11703,11783,11771,11736,11834,11810,11777,11775,11786,11448,11790,11795,11715,11799,11758,0
82,3.8532028198242188,-0.20603,-0.335875,0.156512,1.85188,-0.706721,-1.8072,0,0,0,0,0,0,11755,11711,11787,11754,11731,11826,11813,11777,11790,11790,11447,11778,11792,11711,11803,11760,0
83,3.901754140853882,-0.206045,-0.33586,0.156506,1.85188,-0.706677,-1.8073,0,0,0,0,0,0,11750,11707,11778,11750,11729,11831,11823,11790,11766,11782,11437,11776,11790,11725,11802,11755,0
84,3.9466354846954346,-0.206032,-0.335858,0.156505,1.85189,-0.70667,-1.807,0,0,0,0,0,0,11742,11713,11780,11768,11734,11823,11814,11775,11760,11785,11444,11787,11793,11704,11799,11749,0
85,3.9955036640167236,-0.205866,-0.335844,0.15652,1.85195,-0.706729,-1.8072,0,0,0,0,0,0,11749,11728,11777,11750,11726,11818,11825,11788,11778,11786,11432,11779,11787,11705,11799,11759,0
86,4.041382074356079,-0.205475,-0.335876,0.15653,1.85188,-0.706607,-1.807,0,0,0,0,0,0,11731,11718,11774,11752,11732,11831,11828,11782,11779,11784,11432,11788,11795,11729,11805,11746,0
87,4.088049650192261,-0.204742,-0.335836,0.156505,1.85194,-0.70661,-1.8072,0,0,0,0,0,0,11729,11724,11782,11769,11736,11815,11818,11772,11777,11786,11450,11792,11793,11718,11800,11743,0
88,4.134877920150757,-0.204051,-0.33581,0.156512,1.85195,-0.706859,-1.8072,0,0,0,0,0,0,11747,11730,11776,11764,11730,11815,11821,11778,11790,11788,11434,11787,11782,11724,11802,11762,0
89,4.182091474533081,-0.203548,-0.335816,0.156502,1.85196,-0.706777,-1.8072,0,0,0,0,0,0,11733,11721,11773,11760,11735,11833,11828,11762,11781,11785,11433,11787,11796,11727,11807,11741,0
90,4.229031085968018,-0.203052,-0.335836,0.1565,1.85201,-0.706723,-1.8072,0,0,0,0,0,0,11735,11728,11783,11766,11733,11820,11821,11764,11785,11788,11445,11791,11781,11723,11799,11746,0
91,4.276050806045532,-0.202664,-0.335814,0.156483,1.85199,-0.70659,-1.8073,0,0,0,0,0,0,11749,11727,11767,11762,11726,11822,11823,11778,11786,11789,11444,11785,11780,11724,11804,11760,0
92,4.322953462600708,-0.202331,-0.335818,0.156501,1.85195,-0.706749,-1.8073,0,0,0,0,0,0,11742,11710,11765,11769,11735,11832,11828,11761,11785,11782,11442,11789,11795,11730,11801,11756,0
93,4.3699328899383545,-0.201842,-0.335881,0.156502,1.85195,-0.706534,-1.8072,0,0,0,0,0,0,11744,11721,11783,11768,11728,11827,11813,11754,11785,11795,11451,11789,11779,11723,11797,11756,0
94,4.4169604778289795,-0.201364,-0.335875,0.156483,1.85197,-0.706493,-1.8073,0,0,0,0,0,0,11751,11726,11772,11771,11724,11831,11826,11780,11786,11779,11443,11784,11779,11727,11803,11763,0
95,4.463955402374268,-0.200837,-0.335905,0.156506,1.85199,-0.706598,-1.8072,0,0,0,0,0,0,11749,11720,11774,11762,11737,11833,11823,11768,11782,11774,11446,11790,11795,11729,11787,11757,0
96,4.5117573738098145,-0.200337,-0.335874,0.156495,1.85195,-0.706633,-1.8072,0,0,0,0,0,0,11744,11726,11785,11768,11717,11829,11817,11770,11787,11788,11449,11785,11787,11723,11785,11754,0
97,4.557970285415649,-0.199914,-0.33588,0.156502,1.85195,-0.706585,-1.8072,0,0,0,0,0,0,11745,11722,11780,11760,11717,11830,11826,11780,11786,11774,11445,11779,11789,11724,11807,11765,0
98,4.605863809585571,-0.199519,-0.335881,0.156515,1.85194,-0.70675,-1.8071,0,0,0,0,0,0,11743,11712,11778,11759,11730,11828,11808,11767,11779,11769,11446,11785,11790,11722,11782,11752,0
99,4.65180778503418,-0.198972,-0.335875,0.156523,1.85191,-0.706736,-1.8071,0,0,0,0,0,0,11743,11719,11778,11763,11716,11823,11806,11770,11789,11790,11449,11778,11790,11720,11781,11759,0
100,4.6986985206604,-0.198527,-0.335873,0.156517,1.85182,-0.706726,-1.8071,0,0,0,0,0,0,11749,11709,11779,11758,11727,11833,11827,11784,11784,11781,11444,11772,11793,11727,11808,11764,0
101,4.745832443237305,-0.198034,-0.335887,0.156506,1.85191,-0.706696,-1.8071,0,0,0,0,0,0,11745,11707,11776,11766,11736,11832,11806,11774,11774,11782,11450,11787,11796,11722,11800,11755,0
102,4.7928385734558105,-0.197568,-0.33588,0.156512,1.85181,-0.706577,-1.8071,0,0,0,0,0,0,11749,11725,11785,11759,11732,11828,11809,11776,11786,11797,11452,11770,11792,11717,11798,11763,0
103,4.839813470840454,-0.197145,-0.335903,0.156535,1.85189,-0.706608,-1.807,0,0,0,0,0,0,11749,11707,11781,11750,11733,11832,11829,11779,11773,11786,11442,11773,11792,11729,11803,11762,0
104,4.886759996414185,-0.196624,-0.335857,0.156491,1.85189,-0.70664,-1.8071,0,0,0,0,0,0,11742,11714,11784,11767,11736,11830,11817,11774,11772,11787,11450,11791,11795,11706,11798,11754,0
105,4.933830738067627,-0.196195,-0.335877,0.156514,1.85193,-0.706622,-1.8071,0,0,0,0,0,0,11750,11723,11786,11748,11732,11824,11817,11776,11784,11786,11438,11781,11785,11701,11797,11756,0
106,4.980662822723389,-0.195746,-0.335878,0.156507,1.85189,-0.706838,-1.807,0,0,0,0,0,0,11739,11711,11774,11735,11730,11828,11821,11784,11763,11780,11437,11777,11791,11725,11801,11754,0
107,5.027751922607422,-0.195293,-0.335892,0.156513,1.85202,-0.70654,-1.8072,0,0,0,0,0,0,11736,11718,11784,11778,11734,11820,11820,11772,11772,11788,11447,11791,11794,11714,11802,11749,0
108,5.074685096740723,-0.194823,-0.33588,0.156508,1.85195,-0.706966,-1.807,0,0,0,0,0,0,11752,11720,11789,11745,11732,11817,11820,11782,11788,11793,11432,11787,11791,11714,11806,11765,0
109,5.122678756713867,-0.194447,-0.335852,0.15651,1.85189,-0.706813,-1.8071,0,0,0,0,0,0,11737,11718,11778,11767,11732,11832,11826,11774,11780,11786,11431,11790,11794,11727,11803,11745,0
110,5.168680191040039,-0.193871,-0.335874,0.156493,1.85188,-0.706692,-1.8071,0,0,0,0,0,0,11732,11718,11786,11776,11736,11815,11821,11760,11782,11792,11451,11790,11790,11724,11800,11743,0
111,5.215642213821411,-0.193392,-0.335874,0.156506,1.85197,-0.706569,-1.8073,0,0,0,0,0,0,11748,11712,11772,11760,11728,11818,11823,11779,11786,11794,11434,11784,11784,11723,11803,11761,0
112,5.2625813484191895,-0.192916,-0.335845,0.15649,1.85184,-0.70693,-1.807,0,0,0,0,0,0,11738,11718,11769,11766,11735,11832,11828,11766,11777,11786,11439,11791,11793,11730,11805,11750,0
113,5.310670375823975,-0.192512,-0.335858,0.15651,1.85186,-0.706939,-1.807,0,0,0,0,0,0,11743,11718,11788,11763,11732,11825,11824,11762,11787,11793,11452,11793,11779,11724,11796,11748,0
114,5.356919288635254,-0.19207,-0.335839,0.15651,1.85191,-0.706711,-1.8073,0,0,0,0,0,0,11751,11722,11767,11782,11725,11827,11826,11779,11788,11785,11448,11786,11773,11724,11806,11764,0
115,5.4048848152160645,-0.191657,-0.335851,0.156513,1.85197,-0.706702,-1.8072,0,0,0,0,0,0,11742,11699,11760,11744,11727,11826,11819,11768,11776,11772,11438,11780,11791,11721,11786,11748,0
116,5.450791835784912,-0.191104,-0.335846,0.156541,1.85191,-0.706789,-1.8072,0,0,0,0,0,0,11737,11705,11775,11773,11712,11819,11813,11748,11780,11785,11443,11783,11775,11718,11784,11753,0
117,5.49748420715332,-0.190603,-0.335868,0.156501,1.85199,-0.7068,-1.8071,0,0,0,0,0,0,11747,11718,11772,11749,11721,11829,11825,11791,11785,11773,11445,11781,11785,11726,11804,11762,0
118,5.544469833374023,-0.190159,-0.335843,0.156527,1.85193,-0.706764,-1.8072,0,0,0,0,0,0,11747,11705,11770,11778,11735,11834,11823,11770,11784,11772,11446,11790,11795,11728,11786,11758,0
119,5.592049837112427,-0.189674,-0.335894,0.156525,1.85188,-0.706699,-1.8071,0,0,0,0,0,0,11733,11719,11789,11762,11718,11822,11815,11773,11787,11793,11452,11780,11789,11721,11784,11759,0
120,5.639185428619385,-0.189283,-0.335895,0.156537,1.85192,-0.706688,-1.8071,0,0,0,0,0,0,11752,11712,11778,11767,11719,11831,11823,11778,11791,11776,11441,11777,11789,11727,11805,11763,0
121,5.685432195663452,-0.188921,-0.33586,0.156517,1.85196,-0.706587,-1.8073,0,0,0,0,0,0,11749,11704,11779,11768,11735,11834,11809,11773,11779,11780,11449,11793,11796,11727,11793,11759,0
122,5.732431888580322,-0.188355,-0.335872,0.156499,1.85198,-0.706518,-1.8073,0,0,0,0,0,0,11753,11719,11789,11767,11727,11829,11807,11779,11787,11790,11451,11772,11791,11720,11795,11762,0
123,5.780172824859619,-0.187869,-0.335871,0.156527,1.85193,-0.706655,-1.8072,0,0,0,0,0,0,11759,11704,11781,11762,11728,11834,11827,11778,11784,11781,11447,11772,11793,11727,11809,11765,0
124,5.826786994934082,-0.187386,-0.335893,0.156532,1.85188,-0.706507,-1.8072,0,0,0,0,0,0,11746,11701,11775,11766,11730,11830,11805,11768,11771,11782,11442,11783,11789,11713,11793,11752,0
125,5.873729228973389,-0.186935,-0.33585,0.156492,1.852,-0.706638,-1.8073,0,0,0,0,0,0,11749,11715,11779,11742,11727,11821,11805,11782,11786,11791,11450,11786,11790,11718,11796,11765,0
126,5.920566558837891,-0.186513,-0.335873,0.156496,1.85199,-0.706492,-1.807,0,0,0,0,0,0,11750,11712,11779,11763,11734,11834,11825,11781,11768,11783,11441,11778,11792,11730,11806,11759,0
127,5.9682934284210205,-0.185987,-0.335892,0.156534,1.85192,-0.706486,-1.8073,0,0,0,0,0,0,11744,11715,11786,11767,11737,11832,11824,11773,11769,11787,11451,11790,11792,11710,11800,11752,0
128,6.015049457550049,-0.185629,-0.335848,0.156489,1.85195,-0.706532,-1.8074,0,0,0,0,0,0,11751,11721,11789,11737,11731,11822,11816,11783,11790,11791,11443,11784,11790,11708,11801,11758,0
129,6.061863660812378,-0.185074,-0.335855,0.156491,1.85192,-0.706554,-1.807,0,0,0,0,0,0,11734,11712,11777,11760,11739,11832,11826,11780,11772,11788,11435,11785,11796,11729,11805,11752,0
130,6.109656572341919,-0.184592,-0.335857,0.156525,1.85183,-0.707093,-1.807,0,0,0,0,0,0,11738,11715,11786,11766,11736,11817,11825,11767,11758,11782,11442,11784,11783,11707,11794,11741,0
131,6.157933473587036,-0.1842,-0.33586,0.156495,1.85189,-0.706673,-1.8072,0,0,0,0,0,0,11740,11710,11775,11744,11724,11810,11816,11786,11779,11786,11425,11777,11783,11708,11795,11756,0
132,6.204445123672485,-0.183801,-0.335879,0.156506,1.85198,-0.706728,-1.8071,0,0,0,0,0,0,11731,11706,11771,11769,11735,11831,11823,11777,11781,11783,11432,11786,11793,11726,11805,11739,0
133,6.249934434890747,-0.183219,-0.335875,0.15652,1.85187,-0.706691,-1.8071,0,0,0,0,0,0,11740,11715,11787,11767,11736,11820,11820,11767,11779,11791,11451,11788,11781,11722,11797,11743,0
134,6.2995100021362305,-0.182769,-0.335864,0.156526,1.8518,-0.706915,-1.8071,0,0,0,0,0,0,11754,11718,11769,11758,11730,11820,11823,11791,11787,11790,11439,11785,11783,11725,11804,11765,0
135,6.344167709350586,-0.182288,-0.335848,0.156492,1.85186,-0.706875,-1.8071,0,0,0,0,0,0,11742,11722,11767,11771,11734,11834,11828,11765,11783,11783,11440,11789,11798,11729,11804,11757,0
136,6.391847848892212,-0.181792,-0.335897,0.156524,1.85188,-0.706662,-1.8072,0,0,0,0,0,0,11744,11729,11782,11766,11728,11823,11817,11764,11783,11787,11453,11791,11777,11725,11795,11754,0
137,6.43904185295105,-0.181377,-0.335902,0.156509,1.85194,-0.706751,-1.807,0,0,0,0,0,0,11751,11729,11768,11764,11724,11829,11827,11785,11787,11784,11440,11785,11780,11727,11806,11762,0
138,6.4851202964782715,-0.180999,-0.335881,0.156509,1.85183,-0.706858,-1.807,0,0,0,0,0,0,11744,11720,11769,11775,11735,11832,11828,11766,11785,11776,11445,11792,11795,11730,11794,11759,0
139,6.5319085121154785,-0.180432,-0.335904,0.156524,1.85189,-0.706709,-1.807,0,0,0,0,0,0,11740,11728,11784,11765,11720,11830,11823,11770,11787,11790,11449,11788,11780,11722,11789,11759,0
140,6.5794901847839355,-0.17997,-0.335879,0.156503,1.85191,-0.706734,-1.8072,0,0,0,0,0,0,11748,11727,11779,11761,11718,11832,11828,11780,11791,11774,11444,11782,11789,11729,11799,11764,0
141,6.626037359237671,-0.179494,-0.335874,0.156512,1.85184,-0.706838,-1.807,0,0,0,0,0,0,11746,11717,11778,11770,11736,11832,11819,11775,11783,11772,11447,11788,11798,11729,11794,11757,0
142,6.673029184341431,-0.179022,-0.335867,0.1565,1.85195,-0.706672,-1.8072,0,0,0,0,0,0,11753,11726,11782,11774,11722,11829,11812,11772,11788,11790,11450,11778,11788,11722,11785,11762,0
143,6.719833612442017,-0.178623,-0.33586,0.156503,1.8519,-0.706742,-1.8072,0,0,0,0,0,0,11743,11708,11786,11758,11719,11827,11824,11784,11788,11778,11444,11777,11789,11724,11807,11760,0
144,6.766943454742432,-0.178071,-0.335864,0.156505,1.85187,-0.706588,-1.807,0,0,0,0,0,0,11740,11705,11781,11759,11732,11830,11803,11773,11775,11775,11442,11784,11790,11719,11788,11751,0
145,6.813968658447266,-0.177678,-0.335858,0.156508,1.85183,-0.706555,-1.8073,0,0,0,0,0,0,11746,11722,11783,11767,11728,11829,11808,11777,11786,11793,11454,11771,11791,11722,11800,11762,0
146,6.860923528671265,-0.17718,-0.335888,0.156515,1.85195,-0.706528,-1.8072,0,0,0,0,0,0,11750,11717,11777,11753,11726,11832,11832,11778,11775,11783,11441,11768,11791,11723,11804,11760,0
147,6.907951354980469,-0.176683,-0.335902,0.156501,1.85191,-0.706638,-1.807,0,0,0,0,0,0,11744,11710,11782,11764,11736,11830,11815,11774,11772,11787,11444,11789,11796,11718,11801,11757,0
148,6.955523490905762,-0.176193,-0.335895,0.156505,1.85201,-0.706668,-1.807,0,0,0,0,0,0,11746,11724,11786,11758,11732,11826,11811,11777,11785,11791,11452,11780,11793,11712,11802,11764,0
149,7.001791000366211,-0.1758,-0.335918,0.156493,1.85198,-0.706516,-1.807,0,0,0,0,0,0,11744,11715,11778,11755,11734,11832,11828,11777,11769,11786,11440,11781,11793,11726,11804,11761,0
150,7.04865026473999,-0.17525,-0.335911,0.156526,1.85197,-0.706641,-1.8071,0,0,0,0,0,0,11737,11718,11781,11761,11736,11826,11818,11770,11770,11790,11452,11788,11797,11714,11798,11752,0
151,7.095786094665527,-0.17477,-0.335915,0.156512,1.85195,-0.706631,-1.807,0,0,0,0,0,0,11756,11730,11787,11759,11735,11822,11822,11781,11791,11791,11443,11785,11790,11713,11806,11762,0
152,7.143375396728516,-0.174306,-0.335886,0.156516,1.85189,-0.706718,-1.807,0,0,0,0,0,0,11734,11721,11784,11764,11735,11835,11825,11775,11781,11784,11428,11785,11792,11728,11808,11749,0
153,7.189799547195435,-0.174173,-0.335864,0.15651,1.85197,-0.706439,-1.8074,0,0,0,0,0,0,11732,11719,11789,11760,11738,11817,11819,11773,11781,11794,11452,11791,11794,11728,11800,11746,0
154,7.236709117889404,-0.173952,-0.335864,0.156543,1.85186,-0.706616,-1.8072,0,0,0,0,0,0,11744,11716,11773,11784,11731,11816,11825,11775,11786,11795,11435,11784,11783,11726,11801,11762,0
155,7.283731460571289,-0.173462,-0.335947,0.156535,1.85195,-0.706604,-1.807,0,0,0,0,0,0,11745,11717,11766,11762,11733,11833,11829,11766,11782,11786,11432,11787,11794,11727,11806,11749,0
156,7.330556631088257,-0.172655,-0.335896,0.156497,1.85205,-0.706783,-1.8071,0,0,0,0,0,0,11735,11722,11786,11762,11736,11825,11821,11776,11786,11790,11448,11793,11781,11724,11797,11749,0
157,7.377713441848755,-0.171969,-0.335894,0.156522,1.85192,-0.706801,-1.8071,0,0,0,0,0,0,11750,11724,11767,11775,11731,11824,11826,11780,11786,11788,11443,11782,11778,11725,11804,11765,0
158,7.424683094024658,-0.171462,-0.335854,0.156516,1.85197,-0.706715,-1.807,0,0,0,0,0,0,11749,11719,11764,11760,11735,11833,11827,11762,11780,11782,11442,11786,11797,11731,11798,11755,0
159,7.471441030502319,-0.171042,-0.335863,0.156495,1.85204,-0.706619,-1.8073,0,0,0,0,0,0,11747,11726,11785,11771,11726,11826,11813,11759,11782,11786,11446,11784,11777,11722,11787,11753,0
160,7.518385648727417,-0.170747,-0.335843,0.15649,1.85199,-0.706361,-1.8075,0,0,0,0,0,0,11746,11717,11770,11766,11716,11826,11817,11769,11783,11769,11446,11786,11776,11726,11807,11763,0
161,7.565385580062866,-0.170414,-0.335833,0.156509,1.85198,-0.706611,-1.8074,0,0,0,0,0,0,11747,11709,11776,11762,11735,11835,11824,11780,11784,11775,11445,11790,11794,11727,11787,11757,0
162,7.6126344203948975,-0.169925,-0.335869,0.15648,1.85202,-0.706509,-1.8073,0,0,0,0,0,0,11749,11721,11788,11771,11718,11830,11817,11775,11787,11792,11449,11786,11789,11722,11788,11761,0
163,7.660797595977783,-0.169437,-0.335867,0.156518,1.85191,-0.706681,-1.8073,0,0,0,0,0,0,11750,11704,11777,11769,11715,11832,11825,11778,11786,11773,11443,11779,11791,11727,11807,11762,0
164,7.706526517868042,-0.168923,-0.335851,0.156511,1.85196,-0.706462,-1.8075,0,0,0,0,0,0,11749,11709,11781,11773,11735,11833,11813,11765,11783,11772,11445,11792,11796,11729,11791,11760,0
165,7.75356912612915,-0.168394,-0.335894,0.156507,1.85194,-0.706597,-1.8072,0,0,0,0,0,0,11751,11720,11783,11759,11723,11829,11809,11782,11784,11792,11449,11773,11793,11722,11790,11763,0
166,7.800466299057007,-0.167998,-0.335872,0.156528,1.85191,-0.706758,-1.8071,0,0,0,0,0,0,11762,11700,11779,11774,11726,11832,11828,11782,11784,11781,11442,11771,11791,11728,11805,11764,0
167,7.847503423690796,-0.167462,-0.335866,0.156513,1.85191,-0.706644,-1.8071,0,0,0,0,0,0,11748,11702,11780,11770,11735,11833,11809,11771,11776,11785,11447,11791,11796,11723,11798,11759,0
168,7.894473075866699,-0.167016,-0.335872,0.156532,1.8519,-0.706502,-1.8073,0,0,0,0,0,0,11740,11722,11790,11753,11733,11829,11808,11781,11787,11790,11455,11775,11792,11717,11801,11760,0
169,7.94236421585083,-0.166544,-0.335839,0.156511,1.85186,-0.706682,-1.8072,0,0,0,0,0,0,11744,11713,11782,11758,11733,11832,11823,11782,11773,11784,11445,11777,11793,11728,11809,11762,0
170,7.9893505573272705,-0.166136,-0.335877,0.156515,1.85188,-0.706591,-1.8071,0,0,0,0,0,0,11747,11713,11784,11774,11737,11832,11818,11776,11771,11786,11447,11792,11795,11708,11801,11751,0
171,8.03733777999878,-0.165621,-0.335917,0.156522,1.85185,-0.706836,-1.8068,0,0,0,0,0,0,11750,11720,11789,11738,11731,11826,11821,11784,11790,11793,11445,11782,11792,11707,11801,11763,0
172,8.083416938781738,-0.165239,-0.335877,0.156528,1.85185,-0.706812,-1.8071,0,0,0,0,0,0,11734,11717,11777,11758,11735,11833,11829,11781,11778,11786,11439,11786,11796,11733,11809,11756,0
173,8.130222082138062,-0.164687,-0.335848,0.156534,1.85181,-0.706855,-1.8072,0,0,0,0,0,0,11739,11715,11784,11771,11737,11819,11822,11770,11772,11790,11451,11790,11794,11715,11799,11749,0
174,8.177371740341187,-0.164206,-0.335851,0.156524,1.85175,-0.707005,-1.807,0,0,0,0,0,0,11754,11720,11785,11748,11732,11816,11825,11782,11787,11792,11432,11783,11790,11720,11802,11764,0
175,8.224303722381592,-0.163737,-0.335868,0.156513,1.85187,-0.706803,-1.8071,0,0,0,0,0,0,11744,11714,11773,11774,11736,11833,11831,11775,11780,11785,11432,11790,11795,11730,11808,11743,0
176,8.27133584022522,-0.163259,-0.335871,0.156534,1.85179,-0.706677,-1.8072,0,0,0,0,0,0,11730,11725,11781,11763,11738,11821,11822,11768,11783,11788,11448,11792,11790,11721,11798,11742,0
177,8.318323373794556,-0.162877,-0.335837,0.156546,1.85181,-0.706913,-1.8072,0,0,0,0,0,0,11749,11730,11768,11766,11731,11819,11826,11783,11789,11791,11439,11785,11783,11724,11803,11763,0
178,8.365261554718018,-0.162495,-0.33584,0.156534,1.85185,-0.706753,-1.8072,0,0,0,0,0,0,11740,11727,11768,11762,11734,11835,11830,11761,11780,11785,11439,11789,11795,11728,11800,11743,0
179,8.41264796257019,-0.161923,-0.335882,0.156521,1.85185,-0.706776,-1.8071,0,0,0,0,0,0,11737,11723,11776,11762,11727,11821,11814,11759,11779,11785,11443,11783,11775,11717,11794,11745,0
180,8.459191799163818,-0.161456,-0.335879,0.156516,1.85192,-0.706654,-1.8072,0,0,0,0,0,0,11745,11716,11760,11764,11721,11823,11819,11766,11786,11783,11442,11786,11778,11723,11804,11761,0
181,8.506201982498169,-0.160964,-0.3359,0.156515,1.85185,-0.706727,-1.8069,0,0,0,0,0,0,11745,11719,11762,11771,11737,11835,11825,11769,11780,11779,11445,11788,11796,11736,11794,11757,0
182,8.55388069152832,-0.160514,-0.33587,0.156521,1.85191,-0.706781,-1.8072,0,0,0,0,0,0,11751,11723,11782,11770,11712,11828,11820,11766,11781,11793,11452,11791,11782,11722,11791,11758,0
183,8.60038423538208,-0.160143,-0.335874,0.156521,1.85183,-0.706867,-1.807,0,0,0,0,0,0,11752,11724,11777,11768,11720,11833,11828,11783,11791,11773,11446,11785,11786,11728,11805,11764,0
184,8.647717952728271,-0.16006,-0.335884,0.156524,1.8519,-0.706403,-1.807,0,0,0,0,0,0,11744,11718,11780,11769,11737,11836,11816,11770,11787,11772,11449,11791,11794,11727,11785,11753,0
185,8.694118738174438,-0.159591,-0.335906,0.156531,1.85185,-0.706686,-1.807,0,0,0,0,0,0,11747,11727,11783,11749,11722,11828,11813,11769,11787,11791,11452,11781,11787,11723,11786,11763,0
186,8.741598844528198,-0.159007,-0.335907,0.156521,1.85191,-0.706885,-1.807,0,0,0,0,0,0,11755,11712,11776,11768,11722,11832,11825,11778,11789,11788,11442,11775,11787,11726,11806,11766,0
187,8.788234949111938,-0.158307,-0.335905,0.156494,1.85194,-0.706714,-1.8071,0,0,0,0,0,0,11745,11709,11782,11759,11733,11836,11806,11776,11783,11786,11449,11791,11797,11730,11796,11759,0
188,8.835070371627808,-0.157708,-0.335859,0.156512,1.85186,-0.706861,-1.8072,0,0,0,0,0,0,11750,11728,11786,11772,11729,11830,11807,11774,11788,11792,11455,11770,11781,11716,11800,11769,0
189,8.882959842681885,-0.15726,-0.335898,0.156505,1.85194,-0.706748,-1.8071,0,0,0,0,0,0,11750,11709,11778,11752,11733,11833,11826,11780,11777,11785,11445,11769,11790,11727,11804,11765,0
190,8.93000841140747,-0.15684,-0.335856,0.156489,1.85184,-0.70665,-1.8072,0,0,0,0,0,0,11745,11709,11791,11771,11737,11834,11815,11778,11773,11787,11449,11792,11796,11714,11801,11758,0
191,8.976711511611938,-0.156463,-0.335879,0.156511,1.85193,-0.706712,-1.8071,0,0,0,0,0,0,11752,11725,11786,11744,11731,11828,11814,11777,11790,11794,11451,11777,11791,11712,11803,11760,0
192,9.02341341972351,-0.156033,-0.335891,0.15651,1.85186,-0.706816,-1.807,0,0,0,0,0,0,11742,11719,11782,11754,11734,11832,11823,11780,11769,11784,11440,11781,11790,11730,11806,11760,0
193,9.07082724571228,-0.155534,-0.3359,0.156523,1.85198,-0.706583,-1.8072,0,0,0,0,0,0,11740,11718,11785,11755,11736,11825,11818,11774,11770,11790,11448,11786,11796,11705,11797,11752,0
194,9.117601156234741,-0.155109,-0.335882,0.156502,1.85198,-0.706706,-1.8072,0,0,0,0,0,0,11755,11729,11787,11761,11730,11819,11823,11782,11790,11791,11440,11784,11789,11709,11805,11763,0
195,9.164793014526367,-0.154647,-0.33592,0.156493,1.85205,-0.706767,-1.8069,0,0,0,0,0,0,11737,11710,11779,11744,11734,11834,11824,11785,11777,11787,11439,11785,11796,11728,11805,11745,0
196,9.210883855819702,-0.154068,-0.335919,0.156518,1.85192,-0.706641,-1.807,0,0,0,0,0,0,11739,11722,11784,11771,11738,11816,11820,11771,11781,11792,11450,11790,11793,11716,11801,11746,0
197,9.257920503616333,-0.153634,-0.335908,0.156496,1.85198,-0.706541,-1.8071,0,0,0,0,0,0,11750,11727,11777,11762,11732,11817,11824,11781,11787,11792,11436,11784,11785,11722,11803,11765,0
198,9.304920196533203,-0.153177,-0.335915,0.156529,1.8519,-0.706579,-1.8071,0,0,0,0,0,0,11742,11720,11770,11769,11736,11832,11826,11768,11781,11785,11435,11786,11793,11727,11809,11746,0
199,9.351462125778198,-0.152735,-0.335889,0.156512,1.8519,-0.706796,-1.807,0,0,0,0,0,0,11738,11720,11789,11765,11737,11823,11819,11778,11787,11792,11452,11790,11780,11722,11799,11747,0
200,9.398847103118896,-0.152346,-0.335886,0.156518,1.85194,-0.706812,-1.807,0,0,0,0,0,0,11738,11724,11760,11767,11728,11823,11822,11781,11787,11789,11441,11786,11777,11726,11804,11758,0
201,9.445601224899292,-0.151948,-0.335884,0.156521,1.85191,-0.706794,-1.807,0,0,0,0,0,0,11745,11717,11769,11765,11736,11834,11829,11760,11781,11786,11442,11790,11793,11730,11800,11756,0
202,9.492748737335205,-0.151386,-0.3359,0.156488,1.85206,-0.706639,-1.8071,0,0,0,0,0,0,11756,11716,11789,11769,11724,11829,11829,11765,11786,11792,11452,11795,11782,11722,11792,11757,0
203,9.540144205093384,-0.150914,-0.335889,0.156512,1.85191,-0.706642,-1.8071,0,0,0,0,0,0,11752,11728,11774,11774,11721,11829,11827,11777,11788,11777,11441,11785,11781,11725,11807,11765,0
204,9.586777687072754,-0.150421,-0.33588,0.156517,1.85191,-0.706662,-1.8072,0,0,0,0,0,0,11744,11712,11773,11763,11734,11835,11825,11767,11785,11775,11449,11791,11795,11731,11790,11759,0
205,9.633743047714233,-0.149946,-0.335864,0.156497,1.85205,-0.706664,-1.8072,0,0,0,0,0,0,11751,11721,11786,11773,11721,11829,11816,11775,11790,11788,11453,11784,11792,11724,11783,11762,0
206,9.680384874343872,-0.149547,-0.33587,0.156508,1.85197,-0.706675,-1.8072,0,0,0,0,0,0,11755,11710,11776,11770,11719,11830,11827,11791,11788,11777,11449,11779,11789,11727,11804,11766,0
207,9.72738003730774,-0.148999,-0.335868,0.156539,1.85191,-0.706681,-1.8072,0,0,0,0,0,0,11749,11708,11785,11762,11733,11833,11810,11783,11779,11774,11446,11785,11795,11719,11794,11756,0
208,9.774648904800415,-0.148535,-0.335846,0.15653,1.85199,-0.706627,-1.8073,0,0,0,0,0,0,11751,11726,11789,11758,11726,11832,11807,11782,11787,11790,11452,11773,11789,11720,11792,11760,0
209,9.822617769241333,-0.148063,-0.335875,0.156494,1.85208,-0.706673,-1.8071,0,0,0,0,0,0,11753,11704,11782,11763,11728,11835,11826,11779,11781,11782,11445,11772,11793,11730,11809,11763,0
210,9.870117425918579,-0.147685,-0.335866,0.156503,1.852,-0.706577,-1.8073,0,0,0,0,0,0,11751,11702,11784,11768,11736,11834,11810,11777,11779,11788,11449,11789,11792,11717,11797,11758,0
211,9.916622877120972,-0.147238,-0.335856,0.156491,1.85199,-0.706845,-1.807,0,0,0,0,0,0,11755,11706,11788,11744,11728,11829,11810,11778,11789,11791,11449,11776,11793,11713,11799,11763,0
212,9.964575290679932,-0.146807,-0.335878,0.156504,1.85203,-0.706674,-1.8071,0,0,0,0,0,0,11753,11708,11782,11760,11730,11832,11817,11786,11773,11785,11441,11780,11795,11729,11800,11760,0
213,10.01038122177124,-0.146273,-0.335839,0.156506,1.85194,-0.706791,-1.8072,0,0,0,0,0,0,11748,11713,11783,11770,11737,11830,11811,11772,11770,11785,11446,11789,11794,11709,11800,11753,0
214,10.057528495788574,-0.146159,-0.335895,0.156509,1.85193,-0.706616,-1.8072,0,0,0,0,0,0,11748,11729,11783,11749,11730,11820,11821,11774,11788,11792,11446,11782,11792,11712,11800,11763,0
215,10.10472583770752,-0.145854,-0.335921,0.156516,1.85195,-0.70659,-1.8069,0,0,0,0,0,0,11736,11724,11776,11749,11737,11834,11827,11785,11776,11785,11444,11786,11799,11726,11808,11752,0
216,10.152123928070068,-0.145228,-0.335922,0.156529,1.85197,-0.706602,-1.8071,0,0,0,0,0,0,11735,11725,11786,11767,11738,11818,11822,11771,11774,11787,11449,11788,11795,11718,11800,11744,0
217,10.198369264602661,-0.144657,-0.335897,0.156511,1.85195,-0.706647,-1.8071,0,0,0,0,0,0,11733,11724,11778,11759,11727,11812,11818,11777,11785,11787,11429,11780,11784,11714,11798,11755,0
218,10.245466470718384,-0.144079,-0.335884,0.156516,1.85198,-0.706888,-1.807,0,0,0,0,0,0,11729,11718,11767,11760,11734,11834,11825,11768,11781,11786,11433,11789,11795,11729,11801,11743,0
219,10.292428016662598,-0.143458,-0.335873,0.156504,1.85193,-0.706657,-1.8071,0,0,0,0,0,0,11731,11720,11781,11764,11735,11822,11821,11772,11783,11795,11448,11792,11787,11720,11799,11742,0
220,10.34006404876709,-0.143034,-0.335851,0.156506,1.85194,-0.706788,-1.8071,0,0,0,0,0,0,11753,11727,11766,11761,11731,11821,11826,11782,11789,11789,11439,11787,11782,11724,11803,11764,0
221,10.386428117752075,-0.142617,-0.335924,0.156494,1.85197,-0.706631,-1.8068,0,0,0,0,0,0,11739,11722,11766,11769,11736,11834,11830,11756,11783,11782,11441,11787,11796,11731,11805,11753,0
222,10.434331178665161,-0.142238,-0.335926,0.156522,1.85178,-0.706459,-1.807,0,0,0,0,0,0,11751,11724,11782,11765,11730,11827,11822,11762,11786,11790,11453,11791,11777,11724,11796,11756,0
223,10.481386423110962,-0.142182,-0.335906,0.156516,1.85183,-0.706376,-1.8071,0,0,0,0,0,0,11745,11729,11768,11751,11726,11831,11826,11781,11791,11778,11450,11787,11778,11727,11803,11763,0
224,10.527297973632812,-0.141781,-0.335912,0.156499,1.85195,-0.706555,-1.807,0,0,0,0,0,0,11746,11719,11767,11753,11735,11835,11826,11768,11786,11777,11445,11790,11791,11728,11793,11757,0
225,10.576598644256592,-0.141115,-0.335903,0.156507,1.85189,-0.706469,-1.807,0,0,0,0,0,0,11746,11726,11790,11765,11710,11830,11816,11779,11775,11790,11451,11787,11787,11722,11789,11763,0
226,10.621840476989746,-0.140518,-0.335883,0.156506,1.85195,-0.706707,-1.8072,0,0,0,0,0,0,11754,11722,11775,11769,11718,11832,11826,11780,11789,11783,11444,11782,11790,11726,11808,11766,0
227,10.667993545532227,-0.139871,-0.335868,0.156522,1.8518,-0.706757,-1.8071,0,0,0,0,0,0,11741,11711,11780,11773,11735,11834,11814,11767,11782,11773,11444,11793,11793,11728,11790,11759,0
228,10.715233087539673,-0.139355,-0.335886,0.156513,1.85195,-0.706591,-1.807,0,0,0,0,0,0,11749,11726,11785,11763,11716,11828,11811,11776,11784,11794,11453,11774,11787,11722,11794,11761,0
229,10.762248516082764,-0.139047,-0.335861,0.156509,1.85189,-0.706651,-1.8073,0,0,0,0,0,0,11755,11709,11780,11752,11726,11835,11827,11781,11786,11783,11445,11773,11795,11728,11805,11764,0
230,10.809046030044556,-0.138618,-0.335866,0.1565,1.85192,-0.706493,-1.8073,0,0,0,0,0,0,11746,11706,11782,11773,11735,11833,11812,11776,11776,11785,11449,11790,11799,11724,11798,11758,0
231,10.856211423873901,-0.138209,-0.335858,0.156511,1.85194,-0.706744,-1.8072,0,0,0,0,0,0,11749,11726,11790,11767,11730,11829,11808,11777,11788,11791,11454,11776,11790,11717,11803,11762,0
232,10.903850078582764,-0.138117,-0.335887,0.156519,1.85186,-0.706397,-1.8072,0,0,0,0,0,0,11748,11714,11781,11759,11731,11833,11824,11772,11777,11782,11449,11776,11788,11728,11808,11764,0
233,10.950548648834229,-0.137681,-0.335916,0.156522,1.85188,-0.706634,-1.807,0,0,0,0,0,0,11743,11713,11784,11773,11736,11832,11821,11780,11772,11785,11451,11792,11801,11711,11803,11756,0
234,10.997489213943481,-0.137122,-0.335889,0.156508,1.85184,-0.70661,-1.8072,0,0,0,0,0,0,11752,11725,11788,11741,11731,11826,11817,11777,11790,11793,11447,11789,11789,11711,11803,11763,0
235,11.044143915176392,-0.136515,-0.33588,0.156525,1.8518,-0.706651,-1.8072,0,0,0,0,0,0,11742,11717,11787,11743,11732,11833,11826,11781,11773,11786,11436,11786,11795,11726,11809,11758,0
236,11.091026782989502,-0.136064,-0.335904,0.156498,1.85188,-0.706415,-1.8072,0,0,0,0,0,0,11739,11723,11783,11767,11738,11821,11817,11777,11778,11791,11450,11791,11800,11716,11801,11751,0
237,11.138096332550049,-0.135989,-0.335832,0.156496,1.8519,-0.70663,-1.8073,0,0,0,0,0,0,11752,11724,11785,11768,11732,11818,11824,11779,11781,11785,11428,11779,11783,11707,11801,11756,0
238,11.185058832168579,-0.135478,-0.335945,0.156516,1.85185,-0.706338,-1.8071,0,0,0,0,0,0,11720,11712,11768,11755,11729,11828,11820,11768,11773,11780,11422,11780,11787,11726,11805,11743,0
239,11.231990814208984,-0.134818,-0.335918,0.156514,1.85191,-0.70659,-1.8071,0,0,0,0,0,0,11731,11720,11784,11759,11736,11817,11814,11770,11783,11789,11452,11794,11788,11720,11790,11741,0
240,11.278984546661377,-0.134245,-0.33588,0.156506,1.85191,-0.706669,-1.8072,0,0,0,0,0,0,11750,11725,11772,11770,11732,11818,11822,11789,11789,11788,11431,11786,11783,11724,11804,11762,0
241,11.326011180877686,-0.133542,-0.33589,0.156498,1.85194,-0.70687,-1.807,0,0,0,0,0,0,11744,11716,11768,11766,11734,11834,11827,11761,11783,11780,11436,11788,11790,11729,11808,11749,0
242,11.373565196990967,-0.133151,-0.335872,0.156506,1.85192,-0.706705,-1.8072,0,0,0,0,0,0,11746,11720,11788,11763,11733,11825,11820,11762,11787,11791,11453,11783,11774,11723,11796,11752,0
243,11.420694589614868,-0.132743,-0.335893,0.156502,1.85194,-0.706618,-1.807,0,0,0,0,0,0,11750,11720,11771,11759,11723,11829,11822,11782,11788,11784,11443,11789,11778,11722,11806,11764,0
244,11.46697187423706,-0.132369,-0.33588,0.156491,1.85186,-0.706533,-1.8072,0,0,0,0,0,0,11745,11722,11768,11770,11735,11834,11826,11767,11785,11779,11444,11791,11797,11728,11795,11756,0
245,11.513956308364868,-0.132168,-0.335902,0.156496,1.85192,-0.706422,-1.8072,0,0,0,0,0,0,11753,11712,11785,11782,11721,11828,11820,11764,11779,11793,11452,11788,11782,11725,11792,11759,0
246,11.562186002731323,-0.131999,-0.335886,0.156522,1.85192,-0.706592,-1.8071,0,0,0,0,0,0,11751,11709,11778,11763,11720,11827,11825,11782,11789,11770,11444,11779,11780,11726,11802,11763,0
247,11.6078782081604,-0.131368,-0.335912,0.156538,1.85192,-0.706622,-1.8071,0,0,0,0,0,0,11747,11709,11779,11758,11735,11833,11816,11773,11784,11773,11445,11791,11793,11731,11787,11759,0
248,11.655926704406738,-0.13062,-0.335923,0.156516,1.85196,-0.706702,-1.807,0,0,0,0,0,0,11752,11720,11791,11770,11723,11823,11820,11783,11787,11789,11451,11777,11790,11723,11790,11760,0
249,11.702763795852661,-0.129962,-0.335889,0.156482,1.85199,-0.706577,-1.8071,0,0,0,0,0,0,11752,11703,11781,11769,11724,11833,11827,11780,11790,11778,11444,11775,11788,11727,11806,11765,0
250,11.748831748962402,-0.129499,-0.335899,0.156498,1.85193,-0.706673,-1.807,0,0,0,0,0,0,11748,11704,11784,11765,11736,11834,11807,11775,11782,11783,11451,11790,11797,11726,11797,11759,0
251,11.795867204666138,-0.129075,-0.335897,0.156511,1.85195,-0.706685,-1.807,0,0,0,0,0,0,11744,11719,11790,11762,11728,11829,11808,11779,11790,11790,11452,11772,11791,11717,11798,11761,0
252,11.844110012054443,-0.128775,-0.33591,0.156495,1.85193,-0.706513,-1.8071,0,0,0,0,0,0,11756,11705,11781,11760,11729,11831,11824,11778,11778,11785,11444,11773,11792,11728,11809,11764,0
253,11.890805721282959,-0.128329,-0.335904,0.156493,1.85198,-0.706572,-1.807,0,0,0,0,0,0,11750,11706,11784,11763,11736,11833,11815,11776,11773,11790,11449,11789,11796,11713,11798,11758,0
254,11.93776822090149,-0.127873,-0.335928,0.156502,1.8519,-0.70642,-1.8071,0,0,0,0,0,0,11752,11727,11785,11754,11727,11825,11817,11780,11779,11794,11446,11778,11785,11706,11797,11753,0
255,11.984599113464355,-0.127367,-0.335887,0.156506,1.85195,-0.706818,-1.8071,0,0,0,0,0,0,11747,11699,11773,11730,11728,11826,11818,11776,11768,11782,11435,11779,11788,11722,11800,11751,0
256,12.031737804412842,-0.126848,-0.335892,0.156486,1.85196,-0.706647,-1.8071,0,0,0,0,0,0,11738,11711,11781,11779,11734,11821,11819,11775,11763,11785,11447,11794,11795,11712,11805,11754,0
257,12.078697443008423,-0.126418,-0.335887,0.156513,1.85191,-0.706628,-1.8071,0,0,0,0,0,0,11747,11729,11781,11738,11733,11820,11822,11780,11788,11789,11432,11786,11787,11710,11801,11761,0
258,12.12568211555481,-0.126034,-0.335864,0.156512,1.85191,-0.706656,-1.8072,0,0,0,0,0,0,11735,11723,11775,11768,11734,11832,11829,11776,11779,11787,11431,11789,11794,11731,11808,11746,0
259,12.172677278518677,-0.125463,-0.335893,0.156489,1.85196,-0.706737,-1.807,0,0,0,0,0,0,11733,11725,11784,11760,11737,11813,11821,11772,11781,11790,11450,11792,11793,11724,11797,11741,0
260,12.220118284225464,-0.124982,-0.335901,0.156519,1.85193,-0.706642,-1.8071,0,0,0,0,0,0,11748,11730,11770,11776,11729,11817,11826,11781,11786,11788,11439,11788,11785,11724,11808,11765,0
261,12.266629695892334,-0.124522,-0.335888,0.15649,1.85195,-0.706734,-1.807,0,0,0,0,0,0,11732,11725,11768,11750,11735,11835,11828,11765,11781,11784,11437,11787,11796,11727,11803,11749,0
262,12.313606977462769,-0.12404,-0.335895,0.156507,1.85195,-0.706499,-1.8072,0,0,0,0,0,0,11741,11725,11787,11775,11733,11830,11813,11771,11784,11791,11451,11790,11777,11723,11797,11754,0
263,12.36043930053711,-0.123651,-0.335886,0.156512,1.85194,-0.7065,-1.8073,0,0,0,0,0,0,11750,11731,11763,11751,11719,11823,11819,11779,11785,11779,11442,11779,11773,11724,11798,11757,0
264,12.407517433166504,-0.123118,-0.335851,0.156505,1.85185,-0.706518,-1.807,0,0,0,0,0,0,11738,11715,11769,11772,11730,11830,11821,11764,11775,11778,11445,11790,11793,11730,11793,11754,0
265,12.454680442810059,-0.122626,-0.33585,0.156483,1.85193,-0.70667,-1.8073,0,0,0,0,0,0,11742,11731,11783,11765,11721,11829,11818,11769,11786,11793,11454,11792,11782,11724,11788,11754,0
266,12.501645803451538,-0.122221,-0.335879,0.156497,1.85189,-0.706444,-1.8074,0,0,0,0,0,0,11746,11717,11771,11764,11714,11826,11819,11771,11786,11766,11439,11776,11782,11721,11802,11758,0
267,12.548537254333496,-0.121787,-0.33585,0.156495,1.85183,-0.706542,-1.8074,0,0,0,0,0,0,11742,11710,11778,11765,11734,11835,11823,11777,11786,11776,11445,11790,11801,11731,11791,11759,0
268,12.595547437667847,-0.121279,-0.335884,0.156517,1.85189,-0.706691,-1.8071,0,0,0,0,0,0,11751,11727,11782,11775,11720,11830,11813,11777,11786,11790,11454,11780,11790,11718,11789,11762,0
269,12.642489910125732,-0.120872,-0.335907,0.156502,1.85195,-0.706557,-1.807,0,0,0,0,0,0,11752,11713,11778,11754,11722,11833,11826,11782,11789,11777,11444,11776,11788,11729,11806,11765,0
270,12.689429759979248,-0.120346,-0.335869,0.156498,1.85194,-0.706585,-1.807,0,0,0,0,0,0,11751,11708,11778,11774,11737,11833,11808,11771,11770,11780,11452,11791,11795,11723,11789,11757,0
271,12.737420320510864,-0.119859,-0.335892,0.156493,1.85195,-0.706787,-1.807,0,0,0,0,0,0,11747,11725,11786,11755,11734,11830,11808,11786,11787,11792,11454,11770,11788,11718,11799,11764,0
272,12.783420085906982,-0.119351,-0.335903,0.156513,1.85195,-0.706741,-1.807,0,0,0,0,0,0,11750,11709,11788,11767,11730,11833,11827,11777,11777,11783,11447,11772,11791,11729,11812,11766,0
273,12.830404996871948,-0.118905,-0.335891,0.156517,1.85188,-0.706487,-1.8072,0,0,0,0,0,0,11744,11708,11783,11758,11737,11833,11808,11768,11772,11786,11449,11784,11797,11717,11797,11757,0
274,12.877346515655518,-0.118497,-0.3359,0.156501,1.8519,-0.706622,-1.8071,0,0,0,0,0,0,11750,11725,11784,11764,11734,11827,11817,11773,11792,11793,11450,11781,11793,11710,11808,11764,0
275,12.924356460571289,-0.118109,-0.335883,0.156497,1.85195,-0.70667,-1.807,0,0,0,0,0,0,11745,11716,11780,11757,11733,11830,11829,11776,11770,11786,11442,11784,11794,11729,11805,11758,0
276,12.971698999404907,-0.117558,-0.335925,0.156489,1.85189,-0.706602,-1.807,0,0,0,0,0,0,11739,11719,11787,11761,11736,11823,11827,11774,11774,11790,11450,11793,11797,11709,11800,11752,0
277,13.017853736877441,-0.117076,-0.335914,0.156493,1.85192,-0.706579,-1.807,0,0,0,0,0,0,11755,11726,11786,11760,11731,11818,11819,11786,11789,11791,11436,11786,11788,11709,11805,11762,0
278,13.065144062042236,-0.116601,-0.335884,0.156524,1.85189,-0.706662,-1.8072,0,0,0,0,0,0,11732,11711,11776,11754,11737,11834,11825,11782,11775,11785,11435,11784,11793,11730,11808,11744,0
279,13.112449645996094,-0.116134,-0.335891,0.156518,1.85188,-0.706667,-1.807,0,0,0,0,0,0,11731,11721,11789,11767,11737,11815,11823,11771,11783,11789,11453,11793,11794,11722,11801,11743,0
280,13.159550905227661,-0.116125,-0.335923,0.156544,1.85186,-0.70654,-1.807,0,0,0,0,0,0,11750,11726,11776,11774,11732,11816,11822,11788,11785,11792,11434,11785,11779,11723,11809,11765,0
281,13.206256866455078,-0.115644,-0.335947,0.15651,1.852,-0.706535,-1.8068,0,0,0,0,0,0,11736,11721,11769,11777,11735,11833,11829,11763,11783,11782,11438,11788,11794,11728,11811,11744,0
282,13.25338339805603,-0.115125,-0.335916,0.156505,1.85194,-0.70676,-1.8069,0,0,0,0,0,0,11742,11711,11786,11763,11733,11823,11818,11763,11778,11792,11452,11791,11778,11725,11800,11751,0
283,13.300213813781738,-0.114424,-0.335897,0.156511,1.85196,-0.706917,-1.8068,0,0,0,0,0,0,11753,11721,11765,11766,11719,11829,11829,11780,11791,11789,11443,11784,11781,11726,11805,11762,0
284,13.347809553146362,-0.114063,-0.335894,0.15651,1.8519,-0.706581,-1.8072,0,0,0,0,0,0,11746,11716,11765,11777,11734,11834,11830,11758,11783,11779,11443,11791,11795,11729,11799,11757,0
285,13.394164323806763,-0.113925,-0.335876,0.156511,1.85191,-0.706784,-1.807,0,0,0,0,0,0,11749,11723,11783,11771,11719,11829,11813,11769,11785,11789,11450,11790,11780,11729,11788,11757,0
286,13.441987752914429,-0.113465,-0.335917,0.156498,1.85193,-0.706533,-1.807,0,0,0,0,0,0,11754,11723,11769,11762,11717,11824,11817,11771,11786,11766,11439,11775,11774,11721,11798,11757,0
287,13.488047361373901,-0.112674,-0.335911,0.156531,1.85201,-0.706624,-1.8071,0,0,0,0,0,0,11744,11712,11772,11754,11729,11829,11814,11777,11778,11770,11448,11787,11796,11731,11781,11760,0
288,13.535120964050293,-0.112022,-0.335864,0.156512,1.85196,-0.706738,-1.8072,0,0,0,0,0,0,11752,11720,11794,11773,11719,11832,11813,11778,11785,11790,11453,11781,11793,11722,11787,11760,0
289,13.581824779510498,-0.111453,-0.335893,0.156509,1.85193,-0.706819,-1.8,0,0,0,0,0,0,11755,11710,11785,11766,11720,11833,11823,11779,11788,11773,11445,11776,11789,11727,11808,11763,0
290,13.629398107528687,-0.111018,-0.335882,0.156511,1.85198,-0.70666,-1.8071,0,0,0,0,0,0,11742,11696,11782,11755,11731,11831,11802,11760,11776,11773,11442,11784,11789,11719,11786,11752,0
291,13.678409576416016,-0.11071,-0.335889,0.156499,1.85195,-0.706679,-1.8071,0,0,0,0,0,0,11752,11715,11782,11749,11725,11829,11807,11788,11783,11791,11452,11770,11792,11719,11798,11763,0
292,13.723032712936401,-0.11034,-0.335932,0.156507,1.85205,-0.706679,-1.8069,0,0,0,0,0,0,11755,11701,11781,11756,11731,11832,11827,11783,11775,11785,11441,11771,11797,11731,11806,11764,0
293,13.7699875831604,-0.110162,-0.335883,0.156513,1.85186,-0.706548,-1.8072,0,0,0,0,0,0,11749,11707,11784,11768,11738,11834,11811,11775,11772,11788,11452,11792,11794,11714,11802,11756,0
294,13.817951202392578,-0.109867,-0.335911,0.156545,1.85195,-0.706537,-1.8071,0,0,0,0,0,0,11753,11719,11792,11781,11729,11825,11809,11775,11785,11791,11451,11778,11793,11710,11802,11762,0
295,13.864925622940063,-0.10925,-0.335912,0.156534,1.85188,-0.706465,-1.8072,0,0,0,0,0,0,11749,11717,11780,11737,11734,11834,11827,11781,11763,11787,11440,11783,11794,11730,11803,11758,0
296,13.911885023117065,-0.10853,-0.335877,0.156502,1.85187,-0.706818,-1.8071,0,0,0,0,0,0,11743,11718,11790,11771,11737,11823,11822,11777,11773,11787,11451,11793,11796,11711,11801,11750,0
297,13.958815574645996,-0.108008,-0.335862,0.156499,1.85185,-0.706653,-1.8072,0,0,0,0,0,0,11749,11730,11782,11755,11733,11820,11821,11774,11778,11790,11439,11786,11784,11712,11806,11763,0
298,14.00595235824585,-0.107366,-0.335872,0.156518,1.85189,-0.706693,-1.8072,0,0,0,0,0,0,11734,11722,11772,11753,11731,11832,11829,11777,11781,11786,11432,11789,11798,11729,11805,11745,0
299,14.05376410484314,-0.107029,-0.335883,0.156523,1.85182,-0.706553,-1.8072,0,0,0,0,0,0,11730,11724,11791,11780,11742,11816,11822,11775,11782,11787,11451,11797,11787,11721,11805,11745,0
300,14.10074758529663,-0.106644,-0.335939,0.156498,1.85198,-0.706333,-1.8071,0,0,0,0,0,0,11753,11727,11771,11761,11729,11816,11823,11776,11790,11791,11434,11786,11780,11724,11807,11765,0
301,14.14737868309021,-0.106222,-0.335974,0.156515,1.85189,-0.706499,-1.8068,0,0,0,0,0,0,11741,11725,11769,11764,11735,11836,11827,11764,11781,11786,11438,11789,11799,11730,11807,11750,0
302,14.193668842315674,-0.106184,-0.335984,0.15651,1.8519,-0.70627,-1.8071,0,0,0,0,0,0,11738,11723,11781,11779,11726,11820,11819,11765,11785,11794,11448,11791,11775,11723,11797,11756,0
303,14.240415573120117,-0.106992,-0.336077,0.156479,1.85189,-0.706345,-1.8071,0,0,0,0,0,0,11757,11717,11765,11767,11725,11830,11825,11783,11788,11782,11442,11785,11776,11727,11804,11765,0
304,14.287775993347168,-0.109639,-0.336368,0.156548,1.85191,-0.706448,-1.8071,0,0,0,0,0,0,11738,11720,11769,11755,11737,11835,11827,11769,11783,11778,11446,11791,11798,11731,11790,11755,0
305,14.334680557250977,-0.112587,-0.336643,0.156625,1.85199,-0.706592,-1.8069,0,0,0,0,0,0,11747,11725,11785,11782,11720,11828,11816,11770,11788,11787,11451,11791,11779,11721,11793,11758,0
306,14.382774829864502,-0.11534,-0.336822,0.156701,1.85206,-0.70692,-1.8069,0,0,0,0,0,0,11757,11721,11772,11762,11717,11831,11824,11777,11786,11770,11450,11780,11785,11725,11803,11764,0
307,14.429531574249268,-0.11721,-0.336932,0.156732,1.85214,-0.706985,-1.807,0,0,0,0,0,0,11744,11713,11777,11763,11735,11837,11819,11773,11784,11771,11454,11793,11796,11728,11785,11758,0
308,14.47650408744812,-0.118892,-0.337108,0.156754,1.85211,-0.706842,-1.8069,0,0,0,0,0,0,11747,11726,11785,11777,11717,11829,11809,11774,11790,11791,11451,11779,11788,11720,11787,11761,0
309,14.522669553756714,-0.120138,-0.337171,0.156753,1.85212,-0.706858,-1.8069,0,0,0,0,0,0,11755,11713,11777,11767,11722,11833,11826,11777,11785,11775,11442,11770,11788,11726,11802,11764,0
310,14.569704294204712,-0.1219,-0.337343,0.1568,1.85214,-0.706715,-1.8069,0,0,0,0,0,0,11747,11700,11781,11762,11736,11836,11806,11775,11779,11784,11446,11791,11796,11727,11794,11758,0
311,14.61660647392273,-0.123682,-0.337457,0.156784,1.85219,-0.706591,-1.8069,0,0,0,0,0,0,11747,11722,11785,11766,11727,11830,11807,11777,11786,11791,11451,11770,11792,11718,11802,11763,0
312,14.664501190185547,-0.125701,-0.337525,0.156848,1.85206,-0.706868,-1.8069,0,0,0,0,0,0,11763,11715,11780,11763,11732,11833,11825,11779,11777,11785,11442,11775,11793,11731,11809,11765,0
313,14.710315942764282,-0.127798,-0.337599,0.156865,1.85219,-0.706898,-1.8072,0,0,0,0,0,0,11741,11712,11781,11762,11736,11832,11810,11779,11773,11785,11449,11792,11799,11712,11797,11755,0
314,14.757570743560791,-0.129472,-0.337691,0.156895,1.85226,-0.706922,-1.8071,0,0,0,0,0,0,11754,11726,11784,11764,11730,11825,11816,11776,11789,11788,11449,11780,11790,11712,11808,11762,0
315,14.804523706436157,-0.131086,-0.337734,0.156903,1.85214,-0.70673,-1.8071,0,0,0,0,0,0,11742,11711,11781,11739,11735,11834,11826,11782,11770,11786,11438,11784,11795,11729,11808,11757,0
316,14.852250099182129,-0.133162,-0.337858,0.156929,1.85243,-0.706767,-1.8068,0,0,0,0,0,0,11735,11720,11784,11777,11737,11822,11817,11772,11773,11788,11450,11793,11795,11712,11802,11754,0
317,14.898518562316895,-0.134977,-0.337885,0.156948,1.85248,-0.706737,-1.8069,0,0,0,0,0,0,11751,11723,11778,11759,11734,11820,11824,11775,11787,11793,11433,11784,11787,11718,11804,11762,0
318,14.945517539978027,-0.136757,-0.337968,0.156938,1.8527,-0.706871,-1.8066,0,0,0,0,0,0,11734,11709,11774,11756,11735,11835,11826,11777,11780,11785,11433,11786,11795,11730,11804,11740,0
319,14.99235486984253,-0.138624,-0.337975,0.156943,1.85268,-0.706928,-1.8066,0,0,0,0,0,0,11726,11718,11777,11773,11729,11811,11808,11770,11779,11783,11445,11787,11785,11713,11797,11736,0
320,15.039721488952637,-0.140227,-0.337983,0.156972,1.85265,-0.706922,-1.8067,0,0,0,0,0,0,11747,11719,11764,11763,11731,11820,11826,11775,11789,11796,11435,11786,11782,11726,11807,11765,0
321,15.086875438690186,-0.142459,-0.337946,0.156987,1.85252,-0.706868,-1.807,0,0,0,0,0,0,11739,11718,11767,11759,11736,11836,11826,11763,11781,11781,11439,11792,11795,11731,11800,11744,0
322,15.133395671844482,-0.144,-0.337979,0.157011,1.85249,-0.70677,-1.8068,0,0,0,0,0,0,11744,11720,11789,11780,11733,11826,11822,11760,11789,11788,11452,11794,11778,11725,11800,11753,0
323,15.180163860321045,-0.14585,-0.337975,0.157002,1.85254,-0.706964,-1.8066,0,0,0,0,0,0,11754,11726,11764,11763,11725,11831,11825,11788,11786,11780,11445,11783,11776,11724,11804,11763,0
324,15.227331161499023,-0.147717,-0.337928,0.157014,1.8524,-0.706889,-1.8067,0,0,0,0,0,0,11745,11708,11769,11770,11734,11836,11828,11764,11783,11774,11443,11788,11799,11729,11794,11754,0
325,15.274307012557983,-0.149573,-0.337871,0.157021,1.85249,-0.706837,-1.8068,0,0,0,0,0,0,11753,11721,11787,11773,11719,11831,11820,11763,11790,11789,11451,11786,11783,11722,11790,11761,0
326,15.321184158325195,-0.151083,-0.33782,0.157032,1.85249,-0.707027,-1.806,0,0,0,0,0,0,11753,11716,11773,11766,11719,11832,11827,11782,11790,11772,11447,11780,11791,11731,11804,11763,0
327,15.368249416351318,-0.153257,-0.337698,0.157026,1.85253,-0.70721,-1.8066,0,0,0,0,0,0,11749,11708,11774,11771,11737,11835,11817,11770,11781,11771,11448,11791,11797,11731,11789,11760,0
328,15.41527009010315,-0.155081,-0.337646,0.157013,1.8527,-0.706891,-1.8068,0,0,0,0,0,0,11751,11721,11788,11768,11719,11832,11811,11775,11791,11792,11455,11778,11788,11722,11790,11761,0
329,15.46210765838623,-0.156924,-0.337547,0.157012,1.85265,-0.706772,-1.806,0,0,0,0,0,0,11752,11710,11774,11766,11725,11834,11825,11782,11787,11777,11447,11774,11795,11729,11806,11764,0
330,15.509560585021973,-0.158431,-0.337502,0.156982,1.85281,-0.706539,-1.8069,0,0,0,0,0,0,11751,11704,11780,11773,11740,11836,11806,11774,11780,11783,11450,11793,11795,11726,11791,11762,0
331,15.55640697479248,-0.160277,-0.337394,0.157006,1.85269,-0.706524,-1.8068,0,0,0,0,0,0,11748,11715,11784,11758,11722,11825,11802,11781,11782,11785,11446,11764,11787,11712,11796,11755,0
332,15.604376792907715,-0.161781,-0.337312,0.156996,1.85266,-0.70666,-1.8067,0,0,0,0,0,0,11741,11700,11770,11750,11727,11829,11819,11774,11772,11781,11447,11772,11792,11735,11808,11767,0
333,15.651365756988525,-0.16392,-0.337158,0.156977,1.85266,-0.706751,-1.8067,0,0,0,0,0,0,11746,11710,11785,11769,11738,11834,11816,11778,11772,11790,11453,11792,11797,11712,11799,11755,0
334,15.698526620864868,-0.16574,-0.336989,0.156969,1.85265,-0.706915,-1.8068,0,0,0,0,0,0,11757,11720,11788,11761,11732,11827,11817,11779,11790,11792,11447,11780,11792,11712,11803,11766,0
335,15.74509048461914,-0.167591,-0.336826,0.156966,1.85258,-0.707023,-1.8068,0,0,0,0,0,0,11747,11713,11784,11756,11734,11833,11828,11779,11771,11780,11439,11784,11795,11728,11809,11756,0
336,15.792114734649658,-0.169383,-0.336696,0.157002,1.8525,-0.707153,-1.8065,0,0,0,0,0,0,11742,11717,11785,11781,11737,11822,11820,11770,11778,11789,11450,11789,11794,11716,11804,11751,0
337,15.839818000793457,-0.170877,-0.336555,0.156998,1.85247,-0.707141,-1.8064,0,0,0,0,0,0,11754,11720,11777,11752,11733,11819,11823,11780,11791,11796,11432,11783,11789,11714,11803,11761,0
338,15.886673927307129,-0.172993,-0.33634,0.157019,1.85239,-0.707072,-1.8063,0,0,0,0,0,0,11736,11713,11775,11761,11734,11836,11828,11776,11781,11788,11434,11790,11798,11731,11805,11744,0
339,15.933245420455933,-0.174468,-0.336211,0.156986,1.85243,-0.706896,-1.8064,0,0,0,0,0,0,11737,11716,11785,11780,11738,11819,11830,11762,11786,11788,11453,11792,11788,11719,11802,11742,0
340,15.97983980178833,-0.176322,-0.335921,0.156954,1.85241,-0.706959,-1.806,0,0,0,0,0,0,11752,11728,11766,11766,11729,11819,11825,11777,11790,11790,11434,11785,11781,11724,11812,11765,0
341,16.026695251464844,-0.178154,-0.335667,0.15692,1.85248,-0.706944,-1.807,0,0,0,0,0,0,11735,11717,11763,11767,11734,11834,11827,11767,11784,11783,11441,11790,11796,11731,11806,11748,0
342,16.07397747039795,-0.179897,-0.335477,0.156874,1.85257,-0.706694,-1.8,0,0,0,0,0,0,11749,11726,11781,11772,11730,11826,11822,11764,11787,11790,11449,11792,11779,11723,11797,11754,0
343,16.1209716796875,-0.181366,-0.335314,0.156883,1.85257,-0.706644,-1.807,0,0,0,0,0,0,11741,11728,11760,11772,11723,11830,11826,11782,11794,11781,11438,11790,11780,11728,11807,11766,0
344,16.16797399520874,-0.183471,-0.335007,0.156863,1.85249,-0.706689,-1.807,0,0,0,0,0,0,11744,11724,11770,11771,11736,11836,11828,11766,11784,11778,11444,11790,11795,11729,11793,11758,0
345,16.21486783027649,-0.185246,-0.334762,0.156852,1.85239,-0.706747,-1.807,0,0,0,0,0,0,11746,11730,11786,11772,11719,11829,11817,11770,11783,11791,11453,11787,11784,11727,11787,11757,0
346,16.26179528236389,-0.187045,-0.334476,0.156802,1.85239,-0.706788,-1.8069,0,0,0,0,0,0,11752,11713,11775,11778,11720,11833,11826,11781,11792,11767,11446,11782,11790,11728,11807,11762,0
347,16.308903694152832,-0.188527,-0.33421,0.156795,1.85232,-0.707076,-1.8068,0,0,0,0,0,0,11751,11711,11778,11769,11737,11835,11816,11764,11786,11774,11449,11790,11796,11731,11787,11755,0
348,16.35552144050598,-0.190312,-0.333903,0.156792,1.85218,-0.70725,-1.8068,0,0,0,0,0,0,11743,11720,11780,11768,11723,11826,11804,11779,11782,11785,11445,11767,11786,11716,11785,11756,0
349,16.403162479400635,-0.191738,-0.333689,0.156785,1.85208,-0.707183,-1.8066,0,0,0,0,0,0,11750,11701,11774,11773,11727,11835,11826,11785,11785,11780,11448,11774,11790,11731,11808,11766,0
350,16.450180292129517,-0.193771,-0.333371,0.15676,1.85213,-0.707098,-1.8066,0,0,0,0,0,0,11750,11709,11782,11768,11737,11834,11807,11775,11778,11786,11451,11791,11798,11723,11793,11760,0
351,16.496811866760254,-0.195549,-0.33304,0.156728,1.85204,-0.707125,-1.8067,0,0,0,0,0,0,11752,11730,11784,11770,11729,11831,11808,11779,11789,11791,11452,11773,11794,11716,11802,11762,0
352,16.543808937072754,-0.19732,-0.332696,0.156695,1.85201,-0.706976,-1.8,0,0,0,0,0,0,11752,11712,11776,11754,11734,11836,11824,11780,11775,11779,11444,11773,11794,11727,11807,11762,0
353,16.591636180877686,-0.199066,-0.332335,0.156652,1.85201,-0.706721,-1.8073,0,0,0,0,0,0,11733,11714,11779,11769,11734,11832,11811,11782,11768,11784,11448,11788,11795,11709,11796,11749,0
354,16.637764930725098,-0.200538,-0.331989,0.156623,1.85194,-0.706825,-1.8073,0,0,0,0,0,0,11748,11733,11786,11761,11729,11825,11807,11785,11788,11792,11443,11779,11787,11706,11802,11760,0
355,16.684669256210327,-0.201997,-0.331679,0.15659,1.85195,-0.706802,-1.8074,0,0,0,0,0,0,11737,11715,11775,11744,11731,11832,11827,11779,11766,11783,11435,11783,11793,11728,11800,11751,0
356,16.731993675231934,-0.203994,-0.331245,0.156522,1.85199,-0.706873,-1.8074,0,0,0,0,0,0,11732,11719,11782,11777,11736,11817,11816,11775,11773,11785,11443,11788,11791,11707,11796,11745,0
357,16.77865242958069,-0.205689,-0.330879,0.156521,1.8519,-0.706743,-1.8075,0,0,0,0,0,0,11746,11722,11777,11763,11731,11813,11825,11776,11786,11788,11429,11780,11785,11719,11799,11761,0
358,16.82566547393799,-0.205835,-0.330937,0.156551,1.85188,-0.706865,-1.8074,0,0,0,0,0,0,11738,11720,11770,11757,11733,11833,11827,11775,11776,11784,11423,11781,11790,11724,11791,11737,0
359,16.872616052627563,-0.206183,-0.330873,0.15654,1.85184,-0.707006,-1.8072,0,0,0,0,0,0,11731,11718,11779,11757,11731,11808,11813,11766,11779,11785,11449,11785,11774,11716,11795,11739,0
360,16.919711589813232,-0.206394,-0.330794,0.156526,1.85182,-0.706799,-1.8073,0,0,0,0,0,0,11750,11723,11766,11772,11728,11819,11818,11786,11787,11787,11433,11780,11778,11721,11800,11761,0
361,16.966617345809937,-0.206351,-0.330775,0.156526,1.85179,-0.706941,-1.8072,0,0,0,0,0,0,11736,11718,11763,11764,11733,11834,11821,11757,11779,11779,11440,11784,11789,11724,11802,11748,0
362,17.01358723640442,-0.206185,-0.330796,0.156518,1.8519,-0.706944,-1.807,0,0,0,0,0,0,11743,11723,11785,11770,11727,11825,11818,11760,11783,11790,11451,11790,11773,11719,11790,11756,0
363,17.060539722442627,-0.205803,-0.330884,0.156531,1.85193,-0.706754,-1.8069,0,0,0,0,0,0,11752,11721,11764,11757,11724,11830,11821,11780,11785,11776,11441,11783,11776,11723,11799,11758,0
364,17.10754418373108,-0.205215,-0.330912,0.156531,1.85188,-0.706727,-1.807,0,0,0,0,0,0,11740,11701,11769,11773,11725,11829,11820,11759,11779,11771,11440,11786,11791,11723,11787,11752,0
365,17.155468463897705,-0.204555,-0.33092,0.156517,1.85198,-0.706676,-1.807,0,0,0,0,0,0,11743,11718,11782,11766,11714,11822,11812,11765,11777,11785,11441,11779,11779,11723,11780,11756,0
366,17.20277500152588,-0.204078,-0.330867,0.15652,1.85193,-0.706834,-1.807,0,0,0,0,0,0,11745,11717,11773,11765,11711,11820,11809,11777,11779,11758,11436,11771,11783,11715,11796,11754,0
367,17.249027967453003,-0.203464,-0.33084,0.156502,1.8519,-0.706664,-1.8071,0,0,0,0,0,0,11737,11699,11772,11764,11726,11825,11802,11761,11774,11760,11441,11777,11788,11719,11781,11746,0
368,17.296534776687622,-0.203061,-0.330804,0.156528,1.8519,-0.706852,-1.807,0,0,0,0,0,0,11742,11710,11772,11749,11710,11820,11802,11770,11774,11776,11444,11761,11780,11714,11782,11749,0
369,17.342170238494873,-0.202629,-0.330838,0.156493,1.85192,-0.706757,-1.807,0,0,0,0,0,0,11741,11692,11768,11759,11718,11823,11814,11784,11776,11770,11442,11758,11784,11719,11799,11754,0
370,17.389664888381958,-0.202247,-0.330862,0.156526,1.8519,-0.706958,-1.8068,0,0,0,0,0,0,11744,11700,11779,11768,11733,11832,11804,11771,11774,11783,11441,11785,11792,11719,11795,11755,0
371,17.43643283843994,-0.202146,-0.330867,0.156525,1.85195,-0.706781,-1.8071,0,0,0,0,0,0,11749,11707,11784,11747,11726,11826,11808,11777,11783,11790,11447,11769,11785,11714,11796,11758,0
372,17.48431086540222,-0.201852,-0.330893,0.156545,1.85183,-0.706826,-1.8069,0,0,0,0,0,0,11759,11699,11783,11743,11728,11828,11816,11765,11762,11777,11435,11768,11789,11718,11795,11754,0
373,17.5319402217865,-0.201099,-0.330939,0.156514,1.85183,-0.706797,-1.8068,0,0,0,0,0,0,11740,11706,11775,11755,11730,11820,11809,11772,11758,11780,11441,11781,11791,11702,11793,11748,0
374,17.57836651802063,-0.200387,-0.330924,0.15652,1.85183,-0.706604,-1.8071,0,0,0,0,0,0,11747,11715,11778,11753,11723,11822,11820,11772,11783,11786,11438,11773,11783,11703,11801,11757,0
375,17.625341415405273,-0.200112,-0.330922,0.156507,1.85179,-0.706548,-1.8071,0,0,0,0,0,0,11736,11707,11768,11744,11731,11830,11825,11777,11767,11782,11431,11780,11793,11726,11801,11747,0
376,17.67228603363037,-0.199974,-0.330892,0.156519,1.85176,-0.706872,-1.8069,0,0,0,0,0,0,11735,11714,11779,11766,11734,11811,11815,11780,11775,11785,11446,11787,11794,11710,11801,11741,0
377,17.719101428985596,-0.199588,-0.33089,0.156521,1.85181,-0.7068,-1.8069,0,0,0,0,0,0,11744,11707,11771,11758,11725,11808,11812,11774,11783,11786,11417,11781,11780,11713,11795,11753,0
378,17.76605534553528,-0.198837,-0.330878,0.156534,1.85186,-0.7068,-1.807,0,0,0,0,0,0,11730,11697,11767,11759,11729,11830,11823,11769,11778,11783,11432,11785,11792,11725,11802,11738,0
379,17.813209295272827,-0.19824,-0.330896,0.156547,1.85188,-0.706821,-1.807,0,0,0,0,0,0,11738,11718,11785,11777,11734,11818,11819,11768,11781,11786,11445,11788,11779,11721,11799,11743,0
380,17.86033010482788,-0.197626,-0.330873,0.156494,1.85195,-0.706658,-1.8072,0,0,0,0,0,0,11742,11729,11760,11758,11726,11822,11822,11775,11788,11787,11434,11782,11777,11720,11800,11759,0
381,17.907159090042114,-0.197165,-0.330849,0.156498,1.85196,-0.70673,-1.8071,0,0,0,0,0,0,11728,11717,11762,11758,11728,11827,11818,11760,11779,11775,11436,11780,11790,11724,11793,11747,0
382,17.954174995422363,-0.196777,-0.330843,0.156505,1.85192,-0.706639,-1.8072,0,0,0,0,0,0,11738,11719,11775,11767,11725,11826,11820,11759,11786,11789,11447,11789,11777,11722,11794,11756,0
383,18.001338720321655,-0.196466,-0.33083,0.156525,1.85191,-0.706553,-1.807,0,0,0,0,0,0,11749,11729,11760,11762,11726,11826,11823,11779,11784,11776,11440,11780,11782,11719,11798,11760,0
384,18.04812741279602,-0.195971,-0.330858,0.156501,1.85197,-0.706622,-1.8072,0,0,0,0,0,0,11740,11710,11770,11776,11735,11833,11825,11763,11781,11772,11445,11789,11793,11726,11786,11752,0
385,18.095142602920532,-0.195481,-0.330846,0.156502,1.85189,-0.706719,-1.8073,0,0,0,0,0,0,11746,11721,11782,11768,11716,11827,11815,11769,11783,11788,11449,11783,11785,11719,11777,11756,0
386,18.14202094078064,-0.194943,-0.330879,0.156494,1.85199,-0.706618,-1.8073,0,0,0,0,0,0,11748,11716,11776,11764,11718,11831,11825,11778,11787,11768,11448,11780,11789,11726,11803,11763,0
387,18.18974781036377,-0.194519,-0.330875,0.156488,1.85187,-0.706433,-1.8073,0,0,0,0,0,0,11745,11703,11779,11767,11735,11832,11808,11772,11782,11777,11452,11787,11791,11726,11786,11755,0
388,18.23570442199707,-0.194059,-0.330914,0.156495,1.85201,-0.706502,-1.807,0,0,0,0,0,0,11747,11721,11779,11756,11721,11827,11806,11780,11786,11791,11451,11770,11788,11718,11792,11759,0
389,18.282644033432007,-0.194056,-0.330874,0.156493,1.85201,-0.706473,-1.8073,0,0,0,0,0,0,11748,11707,11778,11770,11726,11831,11824,11779,11780,11781,11441,11769,11793,11725,11804,11764,0
390,18.330324411392212,-0.193592,-0.330896,0.156503,1.85202,-0.706498,-1.8072,0,0,0,0,0,0,11742,11713,11774,11767,11734,11831,11807,11773,11775,11783,11446,11785,11794,11720,11796,11758,0
391,18.37697720527649,-0.192903,-0.330908,0.156515,1.85194,-0.706578,-1.8072,0,0,0,0,0,0,11753,11724,11785,11747,11728,11825,11809,11775,11786,11791,11450,11772,11787,11715,11796,11763,0
392,18.423985481262207,-0.192187,-0.330929,0.156509,1.85201,-0.706576,-1.8071,0,0,0,0,0,0,11751,11704,11773,11750,11732,11833,11825,11779,11771,11786,11441,11776,11794,11727,11805,11760,0
393,18.471428394317627,-0.191586,-0.330936,0.156491,1.85204,-0.706478,-1.8071,0,0,0,0,0,0,11742,11717,11780,11774,11735,11822,11810,11775,11770,11785,11449,11790,11792,11706,11791,11754,0
394,18.518965005874634,-0.191207,-0.330912,0.156498,1.85205,-0.706594,-1.807,0,0,0,0,0,0,11747,11727,11783,11741,11728,11823,11816,11781,11788,11790,11438,11780,11788,11709,11802,11759,0
395,18.566290855407715,-0.190911,-0.33085,0.156485,1.85206,-0.706642,-1.8072,0,0,0,0,0,0,11734,11716,11777,11758,11732,11831,11819,11784,11774,11783,11435,11789,11795,11727,11805,11749,0
396,18.611933946609497,-0.190463,-0.330858,0.156511,1.85195,-0.706509,-1.8073,0,0,0,0,0,0,11729,11719,11782,11774,11733,11815,11818,11769,11777,11787,11445,11786,11787,11712,11798,11745,0
397,18.6589035987854,-0.19019,-0.330911,0.156499,1.85189,-0.706511,-1.8071,0,0,0,0,0,0,11750,11724,11778,11757,11729,11813,11820,11779,11791,11790,11424,11784,11789,11719,11800,11764,0
398,18.70586371421814,-0.190021,-0.33087,0.156511,1.85198,-0.706541,-1.8073,0,0,0,0,0,0,11731,11719,11779,11766,11731,11834,11824,11770,11780,11787,11433,11784,11793,11727,11806,11744,0
399,18.75285029411316,-0.189468,-0.33091,0.156495,1.85198,-0.706549,-1.807,0,0,0,0,0,0,11734,11722,11778,11779,11732,11817,11819,11767,11780,11790,11451,11790,11782,11722,11801,11749,0
400,18.800215244293213,-0.188846,-0.330939,0.156518,1.85201,-0.706741,-1.807,0,0,0,0,0,0,11751,11727,11765,11763,11729,11824,11822,11775,11788,11788,11437,11785,11778,11723,11803,11762,0
401,18.846776485443115,-0.188083,-0.330874,0.15651,1.85192,-0.706603,-1.8073,0,0,0,0,0,0,11737,11719,11767,11761,11733,11827,11826,11761,11779,11780,11442,11787,11794,11729,11793,11751,0
402,18.894145488739014,-0.187512,-0.330883,0.156509,1.85194,-0.706733,-1.8072,0,0,0,0,0,0,11742,11720,11787,11777,11722,11823,11819,11760,11787,11784,11448,11788,11775,11720,11793,11752,0
403,18.941133499145508,-0.187172,-0.33086,0.156514,1.8519,-0.706763,-1.8072,0,0,0,0,0,0,11744,11724,11770,11763,11721,11829,11823,11777,11786,11774,11440,11783,11781,11726,11802,11763,0
404,18.988429307937622,-0.186829,-0.330843,0.156491,1.85191,-0.706713,-1.8071,0,0,0,0,0,0,11744,11714,11776,11766,11732,11832,11820,11769,11782,11775,11445,11788,11796,11729,11784,11755,0
405,19.034971475601196,-0.186428,-0.330825,0.156507,1.85179,-0.706915,-1.8071,0,0,0,0,0,0,11740,11709,11779,11771,11713,11822,11810,11768,11779,11782,11443,11776,11781,11719,11784,11752,0
406,19.08134889602661,-0.186068,-0.330887,0.156518,1.85176,-0.706718,-1.8069,0,0,0,0,0,0,11745,11704,11769,11761,11713,11826,11818,11781,11780,11768,11437,11773,11783,11719,11797,11755,0
407,19.12959933280945,-0.185512,-0.330888,0.156511,1.85189,-0.706708,-1.807,0,0,0,0,0,0,11740,11698,11773,11760,11730,11830,11807,11778,11781,11777,11439,11786,11796,11725,11784,11755,0
408,19.175657987594604,-0.184983,-0.330906,0.156493,1.85195,-0.706644,-1.8071,0,0,0,0,0,0,11750,11720,11780,11777,11725,11827,11806,11775,11784,11790,11450,11770,11789,11722,11794,11760,0
409,19.2224280834198,-0.184444,-0.330922,0.15653,1.85179,-0.706758,-1.8,0,0,0,0,0,0,11753,11703,11778,11761,11729,11831,11824,11788,11777,11781,11443,11768,11789,11726,11806,11762,0
410,19.27022624015808,-0.183997,-0.330875,0.156514,1.8519,-0.706685,-1.8072,0,0,0,0,0,0,11743,11705,11782,11764,11735,11831,11806,11774,11778,11786,11446,11789,11798,11715,11794,11756,0
411,19.316627502441406,-0.18362,-0.330852,0.156502,1.85191,-0.706782,-1.8073,0,0,0,0,0,0,11749,11718,11789,11760,11729,11827,11813,11778,11790,11790,11448,11774,11790,11712,11803,11760,0
412,19.363569974899292,-0.183223,-0.330869,0.156506,1.85185,-0.706813,-1.807,0,0,0,0,0,0,11743,11700,11777,11757,11730,11828,11825,11777,11765,11782,11440,11782,11791,11724,11805,11757,0
413,19.410441398620605,-0.182703,-0.330867,0.156508,1.8519,-0.706619,-1.8073,0,0,0,0,0,0,11744,11714,11783,11764,11736,11824,11815,11773,11764,11787,11449,11787,11795,11707,11798,11752,0
414,19.458297967910767,-0.182221,-0.330866,0.156514,1.85187,-0.706677,-1.807,0,0,0,0,0,0,11754,11722,11784,11751,11729,11823,11820,11780,11787,11788,11432,11782,11794,11714,11803,11764,0
415,19.506110191345215,-0.181739,-0.330887,0.156505,1.85189,-0.70671,-1.8071,0,0,0,0,0,0,11738,11712,11780,11760,11734,11832,11826,11778,11774,11784,11441,11783,11793,11734,11806,11745,0
416,19.55212092399597,-0.181227,-0.330906,0.156506,1.85186,-0.70663,-1.807,0,0,0,0,0,0,11737,11718,11782,11777,11736,11815,11815,11771,11781,11788,11449,11790,11787,11722,11800,11748,0
417,19.599843502044678,-0.180846,-0.330889,0.156486,1.85195,-0.706658,-1.8071,0,0,0,0,0,0,11746,11725,11774,11754,11731,11816,11820,11780,11789,11793,11430,11781,11785,11721,11805,11761,0
418,19.64648723602295,-0.180315,-0.330854,0.156509,1.85188,-0.706527,-1.8074,0,0,0,0,0,0,11737,11712,11769,11760,11735,11832,11827,11765,11777,11784,11436,11786,11795,11729,11802,11743,0
419,19.69412350654602,-0.179909,-0.33088,0.156512,1.85193,-0.70663,-1.8072,0,0,0,0,0,0,11744,11710,11788,11779,11732,11820,11821,11766,11786,11789,11451,11792,11780,11720,11799,11749,0
420,19.740431785583496,-0.179431,-0.330858,0.156515,1.85195,-0.706471,-1.8074,0,0,0,0,0,0,11752,11716,11763,11772,11726,11827,11824,11776,11789,11784,11440,11785,11777,11724,11805,11764,0
421,19.787397623062134,-0.178934,-0.330884,0.156529,1.85186,-0.706433,-1.8073,0,0,0,0,0,0,11744,11721,11767,11761,11733,11833,11829,11760,11780,11784,11441,11787,11794,11730,11794,11752,0
422,19.834414958953857,-0.17849,-0.330838,0.156501,1.85197,-0.70669,-1.8074,0,0,0,0,0,0,11745,11726,11783,11766,11718,11826,11818,11769,11784,11791,11446,11788,11783,11722,11793,11758,0
423,19.881149291992188,-0.178069,-0.330872,0.156494,1.852,-0.706407,-1.8074,0,0,0,0,0,0,11755,11725,11773,11776,11719,11829,11826,11781,11790,11774,11448,11783,11786,11728,11802,11762,0
424,19.928390979766846,-0.177514,-0.330874,0.1565,1.85199,-0.706694,-1.8072,0,0,0,0,0,0,11745,11722,11776,11776,11735,11835,11818,11767,11785,11775,11448,11789,11795,11727,11784,11754,0
425,19.975345373153687,-0.177,-0.330896,0.156508,1.85199,-0.706645,-1.8071,0,0,0,0,0,0,11747,11725,11788,11762,11720,11829,11815,11775,11788,11788,11451,11776,11787,11721,11790,11758,0
426,20.021950244903564,-0.176554,-0.33085,0.156501,1.8519,-0.706692,-1.8072,0,0,0,0,0,0,11750,11709,11778,11752,11721,11832,11824,11786,11787,11774,11440,11773,11788,11726,11805,11764,0
427,20.070116996765137,-0.176156,-0.330862,0.156496,1.85195,-0.706774,-1.8071,0,0,0,0,0,0,11744,11709,11776,11766,11736,11834,11806,11774,11784,11780,11454,11792,11798,11725,11791,11754,0
428,20.11629343032837,-0.175661,-0.33088,0.156536,1.85198,-0.706656,-1.8072,0,0,0,0,0,0,11746,11724,11786,11773,11725,11828,11803,11779,11786,11792,11457,11771,11791,11721,11797,11761,0
429,20.163223266601562,-0.17528,-0.330856,0.156508,1.85198,-0.706739,-1.8073,0,0,0,0,0,0,11750,11707,11775,11756,11732,11832,11826,11778,11779,11783,11443,11775,11792,11729,11801,11762,0
430,20.211181163787842,-0.174725,-0.33084,0.156522,1.85189,-0.70666,-1.8073,0,0,0,0,0,0,11742,11711,11781,11761,11729,11826,11813,11772,11768,11781,11447,11784,11789,11706,11794,11749,0
431,20.257160663604736,-0.174241,-0.330863,0.156521,1.85199,-0.706607,-1.8073,0,0,0,0,0,0,11743,11719,11779,11738,11725,11821,11810,11780,11779,11793,11451,11776,11792,11713,11794,11760,0
432,20.304211616516113,-0.173785,-0.33086,0.156501,1.85192,-0.706741,-1.8072,0,0,0,0,0,0,11745,11712,11779,11760,11732,11833,11826,11780,11767,11783,11444,11784,11796,11733,11809,11757,0
433,20.351801872253418,-0.173283,-0.330901,0.156517,1.85197,-0.706627,-1.8072,0,0,0,0,0,0,11742,11720,11783,11777,11736,11822,11816,11771,11772,11787,11453,11792,11792,11711,11799,11752,0
434,20.398306131362915,-0.172888,-0.330895,0.156509,1.852,-0.706619,-1.8071,0,0,0,0,0,0,11748,11725,11783,11743,11732,11822,11820,11779,11790,11794,11433,11782,11785,11715,11803,11759,0
435,20.445085287094116,-0.172501,-0.330854,0.156505,1.85199,-0.70676,-1.8073,0,0,0,0,0,0,11733,11720,11765,11753,11729,11829,11820,11769,11776,11781,11431,11781,11791,11723,11801,11737,0
436,20.491966009140015,-0.171959,-0.330871,0.156501,1.85192,-0.706549,-1.8073,0,0,0,0,0,0,11731,11709,11778,11773,11732,11810,11813,11771,11784,11789,11449,11793,11790,11715,11802,11746,0
437,20.539706230163574,-0.171494,-0.330842,0.156513,1.85181,-0.706657,-1.8073,0,0,0,0,0,0,11750,11724,11771,11763,11728,11817,11823,11780,11788,11791,11431,11785,11784,11723,11805,11763,0
438,20.58645534515381,-0.171019,-0.330849,0.156515,1.85181,-0.706739,-1.8072,0,0,0,0,0,0,11738,11722,11771,11760,11734,11833,11825,11770,11779,11787,11437,11788,11791,11727,11803,11744,0
439,20.634788274765015,-0.170517,-0.33089,0.156494,1.85182,-0.706595,-1.8071,0,0,0,0,0,0,11739,11722,11785,11777,11731,11821,11818,11779,11780,11789,11453,11792,11781,11720,11796,11751,0
440,20.68069863319397,-0.170124,-0.330857,0.156504,1.85186,-0.706626,-1.807,0,0,0,0,0,0,11750,11727,11766,11769,11726,11827,11822,11780,11789,11781,11442,11785,11782,11725,11806,11764,0
441,20.727041006088257,-0.169567,-0.330867,0.156499,1.85187,-0.70683,-1.8071,0,0,0,0,0,0,11741,11721,11769,11772,11737,11833,11828,11760,11784,11780,11450,11786,11793,11730,11795,11753,0
442,20.774149894714355,-0.169088,-0.330875,0.156513,1.85194,-0.706699,-1.8071,0,0,0,0,0,0,11747,11725,11787,11763,11718,11827,11815,11766,11789,11791,11449,11789,11778,11723,11793,11758,0
443,20.821131467819214,-0.168679,-0.330861,0.156498,1.85189,-0.706734,-1.8071,0,0,0,0,0,0,11752,11720,11776,11766,11722,11831,11824,11781,11788,11772,11440,11780,11789,11726,11803,11762,0
444,20.868780374526978,-0.168203,-0.330865,0.15651,1.8518,-0.706834,-1.8071,0,0,0,0,0,0,11745,11712,11780,11770,11733,11834,11814,11773,11783,11778,11450,11791,11800,11733,11784,11756,0
445,20.914926528930664,-0.167769,-0.330856,0.156516,1.85191,-0.706683,-1.8074,0,0,0,0,0,0,11748,11723,11788,11777,11717,11830,11810,11770,11786,11793,11451,11778,11787,11722,11791,11763,0
446,20.961834192276,-0.167405,-0.330846,0.156517,1.85189,-0.706754,-1.8073,0,0,0,0,0,0,11756,11708,11775,11757,11723,11833,11830,11783,11788,11777,11442,11775,11796,11729,11805,11765,0
447,21.00948143005371,-0.166824,-0.330856,0.156491,1.85188,-0.706821,-1.8071,0,0,0,0,0,0,11745,11710,11780,11777,11735,11835,11811,11775,11778,11782,11446,11790,11796,11726,11794,11757,0
448,21.05588698387146,-0.166342,-0.330876,0.156497,1.8519,-0.70678,-1.8071,0,0,0,0,0,0,11751,11721,11784,11767,11726,11829,11809,11776,11787,11789,11449,11770,11787,11725,11801,11762,0
449,21.10291051864624,-0.16615,-0.330905,0.156527,1.85193,-0.706423,-1.8073,0,0,0,0,0,0,11753,11704,11780,11748,11732,11834,11825,11780,11777,11784,11441,11773,11790,11730,11806,11764,0
450,21.15069580078125,-0.165854,-0.330913,0.156516,1.85191,-0.706271,-1.8072,0,0,0,0,0,0,11743,11711,11786,11792,11735,11832,11812,11770,11776,11784,11449,11791,11798,11711,11798,11753,0
451,21.19684076309204,-0.165361,-0.330915,0.156523,1.85189,-0.706434,-1.8072,0,0,0,0,0,0,11758,11713,11788,11763,11730,11825,11823,11780,11788,11790,11446,11781,11791,11714,11805,11764,0
452,21.243812799453735,-0.16478,-0.330902,0.156523,1.85183,-0.70667,-1.8072,0,0,0,0,0,0,11745,11714,11779,11750,11734,11835,11825,11779,11772,11784,11439,11782,11792,11727,11808,11746,0
453,21.2907292842865,-0.163978,-0.330892,0.156509,1.85189,-0.706634,-1.8072,0,0,0,0,0,0,11743,11715,11785,11763,11737,11819,11818,11776,11775,11790,11445,11791,11798,11712,11796,11751,0
454,21.33776068687439,-0.163458,-0.330885,0.156508,1.85193,-0.706484,-1.8073,0,0,0,0,0,0,11757,11721,11783,11763,11732,11820,11822,11780,11784,11793,11433,11783,11786,11721,11806,11762,0
455,21.38470959663391,-0.163054,-0.330852,0.156535,1.85178,-0.706684,-1.807,0,0,0,0,0,0,11736,11716,11774,11764,11735,11833,11826,11773,11777,11788,11429,11785,11793,11727,11806,11744,0
456,21.432612657546997,-0.162686,-0.330841,0.156512,1.8519,-0.706586,-1.8074,0,0,0,0,0,0,11742,11716,11783,11764,11734,11817,11819,11769,11781,11794,11447,11792,11786,11721,11798,11748,0
457,21.480233430862427,-0.162338,-0.33086,0.156505,1.85192,-0.706506,-1.8073,0,0,0,0,0,0,11749,11720,11767,11762,11729,11821,11827,11782,11790,11789,11435,11787,11788,11728,11803,11764,0
458,21.526628017425537,-0.161791,-0.330889,0.156503,1.85197,-0.706655,-1.8071,0,0,0,0,0,0,11740,11713,11777,11771,11734,11834,11826,11760,11782,11780,11438,11790,11790,11729,11803,11745,0
459,21.573666095733643,-0.161369,-0.330885,0.156501,1.85196,-0.706752,-1.807,0,0,0,0,0,0,11740,11717,11786,11761,11726,11824,11820,11765,11787,11787,11451,11792,11777,11720,11800,11753,0
460,21.620479583740234,-0.160857,-0.33088,0.156509,1.85189,-0.706765,-1.807,0,0,0,0,0,0,11757,11719,11768,11756,11725,11827,11826,11777,11788,11778,11442,11785,11782,11725,11804,11765,0
461,21.668351650238037,-0.160312,-0.330903,0.15653,1.85189,-0.706767,-1.807,0,0,0,0,0,0,11747,11713,11775,11778,11736,11832,11824,11772,11785,11779,11444,11794,11794,11728,11794,11756,0
462,21.714548349380493,-0.159833,-0.330885,0.156517,1.85193,-0.706556,-1.8072,0,0,0,0,0,0,11751,11718,11786,11772,11719,11829,11816,11768,11789,11791,11451,11787,11781,11723,11792,11760,0
463,21.7611083984375,-0.159457,-0.330896,0.156496,1.85197,-0.706627,-1.8071,0,0,0,0,0,0,11749,11724,11772,11762,11722,11824,11825,11784,11786,11772,11442,11776,11788,11728,11803,11762,0
464,21.808452606201172,-0.158934,-0.33089,0.156518,1.85194,-0.706591,-1.8071,0,0,0,0,0,0,11743,11712,11774,11762,11729,11830,11816,11771,11777,11773,11441,11783,11793,11722,11785,11753,0
465,21.85560393333435,-0.158457,-0.330904,0.156503,1.85193,-0.70664,-1.8071,0,0,0,0,0,0,11742,11723,11778,11771,11717,11823,11809,11775,11779,11785,11442,11767,11787,11721,11786,11757,0
466,21.902167558670044,-0.158003,-0.330879,0.1565,1.85193,-0.706651,-1.807,0,0,0,0,0,0,11738,11705,11774,11764,11718,11827,11826,11777,11780,11772,11440,11773,11788,11728,11809,11763,0
467,21.950093984603882,-0.157531,-0.33084,0.15651,1.85184,-0.706738,-1.8072,0,0,0,0,0,0,11744,11710,11782,11762,11736,11832,11807,11774,11778,11783,11450,11788,11796,11721,11797,11759,0
468,21.996999979019165,-0.157114,-0.33089,0.156488,1.85199,-0.706565,-1.8071,0,0,0,0,0,0,11750,11725,11785,11756,11729,11829,11810,11780,11787,11792,11452,11772,11790,11714,11796,11763,0
469,22.043861150741577,-0.156692,-0.330883,0.156501,1.85201,-0.70674,-1.8071,0,0,0,0,0,0,11745,11707,11780,11765,11730,11831,11824,11780,11773,11780,11441,11776,11794,11728,11809,11761,0
470,22.090264081954956,-0.156166,-0.33085,0.156517,1.85191,-0.706656,-1.8073,0,0,0,0,0,0,11741,11715,11781,11773,11735,11830,11814,11778,11774,11793,11450,11792,11794,11711,11799,11754,0
471,22.137403964996338,-0.156097,-0.330846,0.156493,1.85192,-0.706736,-1.8072,0,0,0,0,0,0,11750,11717,11789,11742,11729,11819,11819,11781,11790,11791,11441,11781,11788,11709,11805,11762,0
472,22.185121774673462,-0.155699,-0.330894,0.156518,1.85194,-0.706533,-1.8071,0,0,0,0,0,0,11734,11718,11786,11776,11734,11833,11827,11776,11771,11786,11437,11782,11797,11726,11807,11752,0
473,22.231733798980713,-0.155012,-0.330903,0.156513,1.85204,-0.706684,-1.8071,0,0,0,0,0,0,11726,11722,11782,11763,11738,11817,11819,11773,11778,11788,11449,11792,11796,11714,11800,11748,0
474,22.27821397781372,-0.154419,-0.330874,0.156509,1.85204,-0.706609,-1.8072,0,0,0,0,0,0,11750,11727,11780,11756,11731,11819,11820,11786,11787,11796,11433,11783,11787,11716,11804,11761,0
475,22.325297355651855,-0.15406,-0.330932,0.156488,1.852,-0.706478,-1.807,0,0,0,0,0,0,11733,11719,11773,11758,11734,11834,11829,11770,11781,11784,11436,11790,11795,11729,11806,11740,0
476,22.371958017349243,-0.153916,-0.33089,0.156501,1.85201,-0.706578,-1.807,0,0,0,0,0,0,11736,11721,11787,11788,11734,11818,11819,11769,11784,11789,11449,11791,11782,11720,11798,11748,0
477,22.419949531555176,-0.153392,-0.330867,0.156499,1.85197,-0.706534,-1.8072,0,0,0,0,0,0,11751,11727,11761,11762,11729,11822,11826,11779,11788,11788,11435,11783,11781,11723,11806,11765,0
478,22.46626615524292,-0.152693,-0.330863,0.156531,1.85184,-0.706682,-1.8072,0,0,0,0,0,0,11743,11726,11769,11766,11735,11831,11828,11764,11784,11784,11444,11790,11795,11727,11803,11743,0
479,22.513164281845093,-0.152025,-0.330847,0.156506,1.85192,-0.706735,-1.8073,0,0,0,0,0,0,11739,11717,11779,11754,11722,11822,11814,11768,11780,11786,11444,11785,11773,11720,11786,11750,0
480,22.560078859329224,-0.151557,-0.330836,0.156528,1.85189,-0.70672,-1.8073,0,0,0,0,0,0,11745,11719,11762,11763,11719,11824,11819,11784,11782,11774,11437,11780,11780,11722,11798,11755,0
481,22.607235193252563,-0.151021,-0.330856,0.156503,1.85188,-0.706819,-1.8071,0,0,0,0,0,0,11743,11714,11771,11775,11732,11831,11820,11760,11778,11771,11444,11791,11795,11730,11791,11758,0
482,22.65416932106018,-0.150656,-0.330856,0.156527,1.85188,-0.706549,-1.807,0,0,0,0,0,0,11749,11728,11783,11760,11714,11827,11814,11772,11788,11790,11452,11784,11784,11723,11786,11759,0
483,22.702020406723022,-0.150296,-0.330903,0.156517,1.85189,-0.706344,-1.8072,0,0,0,0,0,0,11749,11715,11774,11768,11718,11830,11826,11783,11790,11774,11446,11781,11790,11729,11806,11765,0
484,22.748119592666626,-0.149896,-0.330855,0.156504,1.85177,-0.70666,-1.8072,0,0,0,0,0,0,11745,11709,11780,11770,11736,11835,11802,11773,11782,11779,11447,11791,11794,11729,11791,11757,0
485,22.795161724090576,-0.149368,-0.33089,0.156507,1.85195,-0.70678,-1.807,0,0,0,0,0,0,11753,11719,11783,11768,11722,11831,11811,11775,11785,11791,11451,11773,11793,11717,11791,11759,0
486,22.842069149017334,-0.148924,-0.330929,0.156508,1.85195,-0.706695,-1.8069,0,0,0,0,0,0,11759,11705,11781,11765,11727,11835,11830,11778,11786,11782,11450,11774,11793,11728,11808,11764,0
487,22.889492511749268,-0.148352,-0.330863,0.156531,1.85189,-0.706647,-1.807,0,0,0,0,0,0,11744,11706,11783,11766,11734,11835,11809,11773,11775,11783,11449,11789,11795,11718,11796,11757,0
488,22.936700582504272,-0.147814,-0.330913,0.156535,1.85181,-0.706823,-1.8068,0,0,0,0,0,0,11753,11726,11791,11749,11730,11827,11813,11781,11786,11792,11453,11772,11790,11714,11797,11764,0
489,22.98417568206787,-0.14734,-0.330933,0.156517,1.85187,-0.706691,-1.806,0,0,0,0,0,0,11747,11709,11785,11762,11733,11832,11825,11779,11772,11784,11442,11777,11794,11728,11810,11762,0
490,23.03047204017639,-0.146897,-0.330881,0.156523,1.85179,-0.706776,-1.8071,0,0,0,0,0,0,11739,11710,11783,11768,11734,11829,11813,11774,11772,11787,11448,11790,11795,11711,11799,11750,0
491,23.076999187469482,-0.14652,-0.330898,0.156512,1.85187,-0.706632,-1.8071,0,0,0,0,0,0,11753,11727,11789,11744,11732,11823,11816,11782,11788,11793,11443,11780,11791,11712,11803,11761,0
492,23.12393355369568,-0.146127,-0.330887,0.156511,1.85185,-0.706814,-1.8071,0,0,0,0,0,0,11744,11712,11781,11768,11735,11833,11830,11777,11776,11789,11436,11780,11795,11728,11807,11748,0
493,23.170856475830078,-0.145588,-0.330857,0.156526,1.85185,-0.706824,-1.8072,0,0,0,0,0,0,11731,11710,11778,11763,11732,11810,11814,11773,11770,11783,11444,11783,11788,11706,11797,11745,0
494,23.218210220336914,-0.145086,-0.330883,0.156505,1.8518,-0.706861,-1.807,0,0,0,0,0,0,11746,11716,11774,11743,11726,11816,11821,11791,11790,11793,11430,11784,11786,11719,11802,11764,0
495,23.26593828201294,-0.144628,-0.330858,0.156518,1.85187,-0.706633,-1.8073,0,0,0,0,0,0,11750,11714,11772,11770,11736,11833,11830,11769,11782,11784,11439,11786,11794,11727,11812,11743,0
496,23.312920093536377,-0.144142,-0.330851,0.156519,1.85183,-0.706919,-1.807,0,0,0,0,0,0,11742,11717,11787,11761,11735,11817,11821,11767,11780,11790,11451,11790,11785,11720,11797,11750,0
497,23.35964012145996,-0.143749,-0.330859,0.156529,1.8518,-0.706841,-1.8071,0,0,0,0,0,0,11752,11723,11766,11765,11727,11822,11824,11778,11792,11787,11439,11788,11781,11723,11808,11764,0
498,23.406824827194214,-0.143161,-0.330893,0.156504,1.85184,-0.70687,-1.8069,0,0,0,0,0,0,11742,11716,11774,11763,11734,11835,11829,11759,11782,11779,11439,11788,11792,11727,11807,11750,0
499,23.453975677490234,-0.142692,-0.330878,0.156511,1.85192,-0.706634,-1.8073,0,0,0,0,0,0,11747,11719,11790,11758,11727,11824,11821,11764,11785,11792,11451,11790,11780,11723,11792,11754,0
500,23.501436710357666,-0.142328,-0.330859,0.156512,1.85191,-0.706724,-1.8073,0,0,0,0,0,0,11752,11709,11771,11774,11723,11827,11828,11780,11791,11777,11443,11786,11779,11727,11809,11762,0
501,23.54777455329895,-0.141835,-0.330884,0.15649,1.85195,-0.706591,-1.8072,0,0,0,0,0,0,11750,11708,11773,11754,11735,11835,11828,11756,11782,11778,11441,11791,11796,11729,11789,11756,0
502,23.59478259086609,-0.141377,-0.330871,0.156488,1.85197,-0.706801,-1.8071,0,0,0,0,0,0,11750,11719,11788,11767,11719,11828,11817,11771,11790,11792,11453,11786,11787,11724,11791,11758,0
503,23.641693115234375,-0.14098,-0.330891,0.156498,1.85191,-0.706622,-1.8071,0,0,0,0,0,0,11756,11711,11778,11767,11720,11830,11828,11777,11788,11774,11443,11779,11784,11730,11810,11762,0
504,23.688697338104248,-0.14041,-0.330895,0.156497,1.85188,-0.706633,-1.807,0,0,0,0,0,0,11756,11707,11777,11755,11735,11835,11813,11776,11771,11777,11451,11788,11798,11730,11789,11757,0
505,23.735661029815674,-0.140204,-0.330892,0.156505,1.85181,-0.706386,-1.8072,0,0,0,0,0,0,11749,11732,11790,11750,11726,11830,11809,11771,11790,11791,11451,11773,11789,11719,11800,11762,0
506,23.782655954360962,-0.140026,-0.330858,0.156525,1.85181,-0.706707,-1.8071,0,0,0,0,0,0,11742,11711,11785,11742,11729,11835,11826,11780,11784,11782,11445,11771,11787,11727,11812,11764,0
507,23.83018708229065,-0.139468,-0.330952,0.156511,1.85197,-0.706414,-1.8069,0,0,0,0,0,0,11744,11707,11783,11761,11738,11833,11812,11773,11774,11784,11450,11792,11796,11717,11802,11760,0
508,23.876638412475586,-0.13889,-0.33091,0.156516,1.85194,-0.706478,-1.8071,0,0,0,0,0,0,11752,11726,11780,11740,11732,11827,11815,11778,11788,11791,11453,11775,11793,11715,11808,11762,0
509,23.923608779907227,-0.138327,-0.330865,0.156515,1.85193,-0.70662,-1.807,0,0,0,0,0,0,11748,11717,11780,11734,11727,11833,11829,11778,11771,11786,11439,11779,11795,11727,11816,11760,0
510,23.970415353775024,-0.137606,-0.330861,0.156506,1.85196,-0.706839,-1.807,0,0,0,0,0,0,11741,11718,11783,11738,11736,11823,11817,11781,11772,11789,11448,11791,11797,11710,11813,11756,0
511,24.018003463745117,-0.137169,-0.330839,0.156519,1.85193,-0.706763,-1.8072,0,0,0,0,0,0,11751,11727,11791,11733,11730,11819,11817,11779,11786,11791,11445,11782,11789,11700,11816,11765,0
512,24.064568996429443,-0.13678,-0.330857,0.156536,1.85182,-0.706825,-1.8071,0,0,0,0,0,0,11740,11718,11778,11713,11731,11829,11830,11781,11773,11785,11437,11781,11796,11727,11818,11749,0
513,24.111282110214233,-0.136367,-0.330913,0.156504,1.85199,-0.706691,-1.8069,0,0,0,0,0,0,11729,11720,11788,11733,11738,11815,11823,11773,11779,11790,11455,11794,11794,11718,11816,11747,0
514,24.158510446548462,-0.136004,-0.330921,0.156515,1.85193,-0.706635,-1.807,0,0,0,0,0,0,11749,11724,11785,11727,11732,11817,11820,11774,11791,11792,11435,11785,11781,11717,11819,11763,0
515,24.205463647842407,-0.135611,-0.330897,0.156506,1.85192,-0.70666,-1.8071,0,0,0,0,0,0,11737,11719,11778,11708,11736,11832,11830,11768,11781,11786,11435,11788,11794,11728,11824,11746,0
516,24.25221085548401,-0.134899,-0.330922,0.15651,1.85197,-0.706636,-1.807,0,0,0,0,0,0,11739,11725,11791,11742,11736,11819,11824,11761,11782,11791,11453,11792,11778,11722,11818,11750,0
517,24.30078959465027,-0.13448,-0.330922,0.156488,1.85201,-0.706596,-1.807,0,0,0,0,0,0,11750,11726,11772,11712,11727,11824,11825,11783,11786,11790,11440,11786,11784,11720,11823,11765,0
518,24.346460580825806,-0.134009,-0.330895,0.156499,1.85198,-0.706573,-1.8071,0,0,0,0,0,0,11738,11720,11775,11732,11736,11832,11832,11759,11782,11782,11448,11792,11793,11727,11820,11756,0
519,24.393430948257446,-0.133525,-0.330908,0.156527,1.85188,-0.706502,-1.8071,0,0,0,0,0,0,11746,11727,11789,11721,11724,11824,11822,11759,11785,11791,11450,11791,11778,11724,11811,11758,0
520,24.440215587615967,-0.133171,-0.330881,0.15652,1.85184,-0.706533,-1.8071,0,0,0,0,0,0,11754,11716,11775,11724,11720,11824,11833,11785,11789,11776,11444,11781,11784,11725,11826,11768,0
521,24.48822331428528,-0.132614,-0.330897,0.156501,1.85197,-0.706556,-1.8071,0,0,0,0,0,0,11737,11715,11780,11725,11736,11832,11827,11765,11782,11776,11445,11789,11797,11731,11813,11759,0
522,24.53455352783203,-0.132143,-0.330893,0.15653,1.85188,-0.706708,-1.807,0,0,0,0,0,0,11745,11718,11787,11706,11716,11821,11810,11765,11783,11786,11448,11776,11782,11716,11805,11753,0
523,24.58143973350525,-0.131653,-0.3309,0.156509,1.85197,-0.706704,-1.8071,0,0,0,0,0,0,11747,11703,11777,11709,11717,11818,11824,11776,11790,11778,11446,11778,11785,11733,11831,11768,0
524,24.628262281417847,-0.131266,-0.330882,0.156492,1.8519,-0.706673,-1.8072,0,0,0,0,0,0,11747,11696,11782,11705,11737,11832,11810,11769,11780,11777,11450,11791,11796,11725,11815,11763,0
525,24.674940586090088,-0.130793,-0.330888,0.1565,1.85191,-0.706367,-1.8074,0,0,0,0,0,0,11748,11720,11787,11706,11726,11826,11810,11778,11790,11794,11454,11770,11785,11715,11824,11767,0
526,24.721964836120605,-0.130365,-0.330882,0.156519,1.85197,-0.706535,-1.8074,0,0,0,0,0,0,11754,11703,11785,11678,11729,11829,11831,11787,11782,11788,11447,11770,11790,11731,11833,11766,0
527,24.769115924835205,-0.129844,-0.330871,0.156503,1.85194,-0.706401,-1.8073,0,0,0,0,0,0,11736,11715,11785,11706,11737,11830,11816,11770,11774,11786,11452,11793,11796,11718,11825,11760,0
528,24.817208528518677,-0.129369,-0.330872,0.156477,1.85203,-0.706685,-1.8072,0,0,0,0,0,0,11753,11721,11795,11671,11733,11823,11818,11770,11787,11798,11452,11777,11790,11710,11823,11766,1
529,24.86396598815918,-0.128897,-0.330868,0.156525,1.85193,-0.70682,-1.8071,0,0,0,0,0,0,11750,11714,11786,11685,11728,11833,11831,11773,11767,11786,11441,11778,11793,11730,11833,11760,0
530,24.91014528274536,-0.128417,-0.330865,0.156514,1.85189,-0.706798,-1.8072,0,0,0,0,0,0,11746,11715,11788,11676,11738,11821,11829,11772,11771,11790,11452,11791,11797,11708,11824,11754,1
531,24.958812952041626,-0.128016,-0.330882,0.156525,1.85187,-0.706619,-1.8072,0,0,0,0,0,0,11753,11722,11787,11677,11732,11817,11815,11773,11785,11793,11434,11778,11788,11712,11831,11766,1
532,25.00595760345459,-0.127449,-0.330889,0.15651,1.85194,-0.706644,-1.8071,0,0,0,0,0,0,11724,11710,11783,11665,11738,11830,11832,11770,11775,11789,11432,11778,11791,11730,11835,11750,1
533,25.05323028564453,-0.127041,-0.3309,0.156493,1.852,-0.706598,-1.8072,0,0,0,0,0,0,11735,11714,11789,11682,11737,11814,11822,11768,11779,11795,11448,11787,11785,11714,11827,11746,0
534,25.099921941757202,-0.126604,-0.330872,0.156521,1.85181,-0.706558,-1.8073,0,0,0,0,0,0,11750,11718,11779,11672,11728,11815,11827,11773,11788,11797,11435,11785,11778,11720,11836,11768,1
535,25.14686417579651,-0.126105,-0.330898,0.156506,1.85191,-0.706597,-1.8071,0,0,0,0,0,0,11739,11724,11771,11663,11739,11833,11831,11758,11781,11786,11447,11784,11796,11726,11834,11748,1
536,25.193820238113403,-0.126046,-0.330888,0.156514,1.85188,-0.706715,-1.807,0,0,0,0,0,0,11740,11729,11791,11674,11732,11822,11826,11754,11778,11794,11453,11790,11770,11722,11828,11758,1
537,25.240118265151978,-0.125717,-0.330958,0.156519,1.85186,-0.706482,-1.8068,0,0,0,0,0,0,11749,11727,11773,11673,11723,11826,11837,11771,11785,11788,11442,11783,11778,11721,11838,11767,1
538,25.28795313835144,-0.124999,-0.330917,0.156506,1.8519,-0.70666,-1.807,0,0,0,0,0,0,11749,11729,11769,11656,11740,11831,11834,11760,11785,11784,11445,11785,11793,11726,11821,11761,1
539,25.33530306816101,-0.124288,-0.330908,0.156531,1.85188,-0.70658,-1.8072,0,0,0,0,0,0,11742,11727,11785,11669,11720,11826,11820,11763,11781,11794,11449,11788,11779,11722,11820,11758,1
540,25.381627559661865,-0.123745,-0.330857,0.156503,1.85191,-0.706686,-1.8073,0,0,0,0,0,0,11750,11719,11775,11655,11720,11824,11832,11772,11790,11783,11448,11784,11788,11726,11835,11768,1
541,25.427886247634888,-0.1233,-0.330888,0.156514,1.85193,-0.706651,-1.8072,0,0,0,0,0,0,11743,11718,11779,11656,11733,11833,11823,11757,11783,11775,11444,11787,11794,11731,11822,11757,1
542,25.47577977180481,-0.122891,-0.330899,0.156503,1.85184,-0.706751,-1.807,0,0,0,0,0,0,11747,11728,11788,11650,11723,11829,11815,11763,11788,11800,11456,11775,11788,11721,11823,11761,1
543,25.522850036621094,-0.122565,-0.330898,0.156513,1.85191,-0.706569,-1.8071,0,0,0,0,0,0,11749,11706,11779,11652,11724,11827,11833,11768,11785,11785,11449,11774,11783,11723,11839,11770,1
544,25.569611072540283,-0.122105,-0.330928,0.156491,1.85195,-0.706603,-1.8069,0,0,0,0,0,0,11734,11708,11777,11645,11738,11835,11810,11766,11780,11793,11449,11794,11797,11721,11819,11761,1
545,25.617101907730103,-0.121635,-0.330958,0.156526,1.85193,-0.706371,-1.807,0,0,0,0,0,0,11750,11723,11786,11647,11729,11828,11815,11766,11790,11800,11456,11774,11785,11714,11831,11763,1
546,25.663649559020996,-0.121159,-0.330908,0.156505,1.85195,-0.706578,-1.8071,0,0,0,0,0,0,11751,11702,11776,11630,11729,11831,11832,11770,11773,11789,11445,11773,11789,11730,11837,11765,1
547,25.71015429496765,-0.120664,-0.330873,0.156498,1.85186,-0.706754,-1.8071,0,0,0,0,0,0,11743,11710,11784,11644,11735,11831,11817,11761,11768,11788,11451,11790,11792,11711,11834,11756,1
548,25.757701873779297,-0.120215,-0.330895,0.156503,1.85195,-0.706755,-1.807,0,0,0,0,0,0,11751,11725,11790,11623,11735,11822,11823,11763,11789,11801,11443,11777,11786,11708,11833,11771,1
549,25.8045597076416,-0.119842,-0.330876,0.156486,1.85181,-0.706637,-1.8071,0,0,0,0,0,0,11739,11716,11779,11628,11721,11829,11836,11767,11772,11794,11439,11782,11790,11726,11838,11759,1
550,25.85204792022705,-0.119271,-0.330893,0.156492,1.85193,-0.706767,-1.807,0,0,0,0,0,0,11720,11718,11786,11639,11738,11819,11822,11760,11771,11794,11457,11793,11793,11709,11835,11748,1
551,25.898305654525757,-0.118836,-0.330892,0.156528,1.85187,-0.706482,-1.8073,0,0,0,0,0,0,11750,11722,11782,11624,11725,11810,11824,11761,11785,11794,11426,11786,11783,11712,11831,11760,1
552,25.945462703704834,-0.118377,-0.330875,0.156511,1.8518,-0.706848,-1.807,0,0,0,0,0,0,11734,11713,11768,11611,11730,11827,11827,11756,11774,11795,11432,11779,11798,11726,11842,11744,1
553,25.99255681037903,-0.117891,-0.330899,0.15652,1.8519,-0.70655,-1.8072,0,0,0,0,0,0,11738,11721,11787,11636,11735,11817,11828,11750,11786,11797,11449,11787,11780,11716,11835,11751,1
554,26.03947114944458,-0.117481,-0.330891,0.156517,1.85195,-0.706722,-1.8071,0,0,0,0,0,0,11750,11723,11768,11619,11728,11820,11827,11763,11789,11803,11434,11783,11777,11721,11837,11770,1
555,26.086382150650024,-0.116948,-0.330872,0.156503,1.85189,-0.70673,-1.8071,0,0,0,0,0,0,11732,11721,11767,11626,11734,11831,11834,11743,11783,11792,11445,11788,11789,11727,11836,11753,1
556,26.1344997882843,-0.116517,-0.330882,0.156474,1.85188,-0.706615,-1.8071,0,0,0,0,0,0,11743,11716,11788,11634,11732,11825,11833,11752,11783,11802,11458,11795,11773,11721,11833,11760,1
557,26.180025577545166,-0.116043,-0.330877,0.156529,1.85178,-0.706786,-1.8071,0,0,0,0,0,0,11751,11722,11765,11623,11724,11828,11838,11763,11784,11790,11443,11784,11776,11722,11838,11769,1
558,26.226844787597656,-0.115562,-0.330903,0.156479,1.85198,-0.70656,-1.807,0,0,0,0,0,0,11736,11717,11775,11625,11736,11835,11830,11743,11781,11783,11446,11790,11793,11730,11829,11757,1
559,26.274319410324097,-0.115042,-0.330944,0.156493,1.85204,-0.706787,-1.8068,0,0,0,0,0,0,11745,11727,11791,11627,11719,11828,11823,11754,11786,11801,11457,11787,11779,11721,11825,11763,1
560,26.321288585662842,-0.114667,-0.330898,0.156492,1.8519,-0.706716,-1.807,0,0,0,0,0,0,11751,11727,11775,11621,11718,11823,11833,11759,11793,11784,11448,11778,11783,11722,11839,11771,1
561,26.368051528930664,-0.114106,-0.330919,0.156488,1.85186,-0.706707,-1.8069,0,0,0,0,0,0,11745,11701,11780,11621,11740,11833,11819,11755,11786,11789,11447,11791,11793,11728,11819,11761,1
562,26.41537046432495,-0.114054,-0.330894,0.156505,1.85189,-0.70671,-1.807,0,0,0,0,0,0,11748,11719,11787,11626,11722,11828,11817,11754,11792,11802,11458,11777,11781,11719,11824,11763,1
563,26.46251344680786,-0.113683,-0.330924,0.156475,1.85193,-0.706324,-1.8072,0,0,0,0,0,0,11753,11694,11786,11622,11727,11829,11834,11753,11786,11786,11447,11771,11780,11729,11842,11765,1
564,26.509435176849365,-0.113135,-0.330904,0.156479,1.85196,-0.706503,-1.8071,0,0,0,0,0,0,11750,11703,11782,11610,11739,11835,11816,11755,11779,11793,11448,11791,11792,11724,11834,11761,1
565,26.556411743164062,-0.112424,-0.330914,0.156517,1.85185,-0.706718,-1.807,0,0,0,0,0,0,11750,11721,11789,11604,11727,11829,11819,11753,11792,11806,11455,11773,11787,11712,11837,11764,1
566,26.603259086608887,-0.111878,-0.330892,0.156514,1.85189,-0.706767,-1.807,0,0,0,0,0,0,11749,11706,11782,11603,11731,11831,11837,11757,11770,11795,11446,11777,11783,11726,11839,11769,1
567,26.651682376861572,-0.111265,-0.33091,0.156494,1.85191,-0.706732,-1.8069,0,0,0,0,0,0,11742,11708,11776,11610,11740,11833,11816,11763,11772,11798,11453,11791,11797,11706,11827,11757,1
568,26.697341442108154,-0.110843,-0.33093,0.156487,1.85203,-0.706544,-1.807,0,0,0,0,0,0,11754,11718,11783,11599,11731,11823,11830,11747,11790,11803,11444,11781,11789,11711,11824,11765,1
569,26.744523763656616,-0.110508,-0.330905,0.156517,1.85181,-0.706594,-1.8071,0,0,0,0,0,0,11744,11707,11780,11596,11728,11833,11833,11754,11774,11794,11436,11782,11785,11728,11841,11755,1
570,26.791852235794067,-0.110089,-0.330919,0.156486,1.85196,-0.706708,-1.8069,0,0,0,0,0,0,11739,11712,11785,11602,11738,11819,11829,11749,11779,11798,11454,11789,11790,11714,11835,11752,1
571,26.838947772979736,-0.109757,-0.330903,0.156483,1.85184,-0.706752,-1.807,0,0,0,0,0,0,11751,11720,11777,11599,11730,11816,11825,11752,11792,11803,11431,11786,11778,11718,11836,11766,1
572,26.88600730895996,-0.109158,-0.330902,0.156496,1.8519,-0.706688,-1.807,0,0,0,0,0,0,11732,11710,11777,11598,11733,11837,11837,11751,11784,11798,11437,11786,11793,11727,11839,11743,1
573,26.93305492401123,-0.108721,-0.330906,0.156518,1.85185,-0.706771,-1.8069,0,0,0,0,0,0,11738,11710,11787,11610,11738,11819,11832,11747,11785,11798,11457,11793,11781,11722,11835,11747,1
574,26.97982406616211,-0.108216,-0.330902,0.156489,1.85193,-0.706508,-1.8071,0,0,0,0,0,0,11753,11728,11763,11596,11729,11824,11831,11749,11793,11801,11440,11785,11782,11723,11835,11766,1
575,27.026990175247192,-0.10813,-0.330907,0.156515,1.85202,-0.706597,-1.807,0,0,0,0,0,0,11740,11724,11763,11651,11735,11838,11835,11759,11784,11787,11442,11782,11793,11731,11794,11744,1
576,27.073911666870117,-0.10787,-0.330884,0.156528,1.85189,-0.706677,-1.807,0,0,0,0,0,0,11737,11718,11764,11774,11722,11826,11806,11757,11774,11784,11444,11783,11775,11716,11796,11753,0
577,27.120079517364502,-0.107397,-0.330902,0.156516,1.85191,-0.706634,-1.807,0,0,0,0,0,0,11742,11721,11758,11732,11724,11829,11827,11774,11789,11783,11444,11782,11780,11722,11803,11767,0
578,27.167282104492188,-0.106524,-0.330918,0.156527,1.8519,-0.706812,-1.8069,0,0,0,0,0,0,11741,11723,11767,11725,11738,11836,11825,11765,11786,11779,11450,11788,11795,11729,11783,11756,0
579,27.214345932006836,-0.106069,-0.330967,0.156499,1.85194,-0.706542,-1.8068,0,0,0,0,0,0,11744,11723,11773,11743,11719,11832,11815,11758,11785,11790,11455,11786,11781,11725,11788,11760,0
580,27.261446714401245,-0.106286,-0.330958,0.156513,1.85189,-0.706425,-1.8072,0,0,0,0,0,0,11750,11709,11758,11727,11714,11831,11824,11765,11786,11770,11440,11773,11788,11715,11797,11758,0
581,27.30801224708557,-0.107428,-0.331006,0.156533,1.85186,-0.706726,-1.8073,0,0,0,0,0,0,11739,11711,11769,11717,11730,11831,11810,11768,11786,11776,11444,11790,11796,11727,11784,11759,0
582,27.35502314567566,-0.109577,-0.33123,0.156569,1.85188,-0.706792,-1.807,0,0,0,0,0,0,11743,11727,11776,11738,11721,11832,11811,11763,11785,11794,11456,11774,11789,11723,11792,11758,0
583,27.401777505874634,-0.111795,-0.331527,0.156639,1.85191,-0.706684,-1.8071,0,0,0,0,0,0,11744,11702,11772,11736,11729,11829,11829,11774,11785,11781,11446,11771,11790,11728,11804,11764,0
584,27.448913097381592,-0.114932,-0.331816,0.156689,1.85197,-0.706566,-1.8071,0,0,0,0,0,0,11746,11703,11764,11743,11737,11835,11808,11768,11770,11788,11446,11789,11795,11722,11795,11761,0
585,27.495823860168457,-0.117106,-0.332012,0.156711,1.85209,-0.706651,-1.807,0,0,0,0,0,0,11750,11723,11776,11734,11730,11826,11796,11759,11785,11787,11445,11769,11785,11709,11792,11754,0
586,27.542831897735596,-0.118893,-0.332111,0.156729,1.85218,-0.706571,-1.8072,0,0,0,0,0,0,11749,11713,11763,11720,11730,11828,11822,11768,11768,11782,11441,11774,11785,11724,11800,11758,0
587,27.589945554733276,-0.120449,-0.332217,0.156749,1.85223,-0.706673,-1.8072,0,0,0,0,0,0,11737,11714,11763,11740,11732,11827,11813,11764,11767,11782,11445,11793,11792,11708,11796,11751,0
588,27.636935234069824,-0.121774,-0.332302,0.156771,1.85227,-0.706787,-1.8072,0,0,0,0,0,0,11752,11727,11778,11724,11731,11826,11821,11766,11792,11794,11443,11781,11790,11712,11802,11764,0
589,27.68390703201294,-0.12322,-0.332408,0.156824,1.85231,-0.706952,-1.8069,0,0,0,0,0,0,11737,11720,11767,11727,11729,11834,11827,11772,11775,11787,11439,11789,11788,11727,11806,11754,0
590,27.73054552078247,-0.125454,-0.332558,0.156861,1.85233,-0.706878,-1.8068,0,0,0,0,0,0,11734,11717,11779,11747,11736,11820,11821,11769,11777,11788,11453,11791,11794,11713,11801,11751,0
591,27.777790546417236,-0.127501,-0.332682,0.1569,1.85224,-0.707,-1.806,0,0,0,0,0,0,11749,11724,11769,11735,11731,11811,11823,11764,11791,11794,11438,11784,11786,11720,11796,11762,0
592,27.824803352355957,-0.129475,-0.332802,0.156923,1.85228,-0.706897,-1.8065,0,0,0,0,0,0,11734,11722,11761,11740,11733,11834,11830,11765,11780,11785,11435,11781,11797,11729,11804,11743,0
593,27.873302221298218,-0.131428,-0.332821,0.156939,1.85225,-0.707183,-1.806,0,0,0,0,0,0,11737,11718,11774,11744,11739,11817,11821,11763,11779,11786,11449,11792,11783,11720,11791,11748,0
594,27.918752193450928,-0.133008,-0.332822,0.156945,1.85215,-0.707165,-1.8069,0,0,0,0,0,0,11754,11725,11757,11745,11728,11825,11829,11770,11790,11790,11439,11786,11780,11726,11801,11764,0
595,27.965762615203857,-0.135087,-0.332903,0.156981,1.8523,-0.707367,-1.8067,0,0,0,0,0,0,11738,11720,11760,11738,11736,11836,11826,11756,11786,11780,11443,11787,11796,11732,11800,11751,0
596,28.012710571289062,-0.136605,-0.332945,0.15696,1.85244,-0.706872,-1.8069,0,0,0,0,0,0,11749,11718,11780,11748,11726,11827,11822,11754,11784,11790,11459,11792,11778,11723,11794,11758,0
597,28.059447765350342,-0.1384,-0.333007,0.156991,1.85248,-0.706907,-1.8067,0,0,0,0,0,0,11752,11723,11758,11740,11722,11834,11822,11773,11791,11776,11443,11784,11782,11727,11805,11764,0
598,28.106670141220093,-0.140276,-0.333038,0.156993,1.85265,-0.706828,-1.8067,0,0,0,0,0,0,11745,11715,11763,11742,11734,11836,11827,11757,11785,11776,11452,11788,11796,11728,11788,11757,0
599,28.15398621559143,-0.142214,-0.333009,0.156999,1.8527,-0.70677,-1.8068,0,0,0,0,0,0,11741,11720,11770,11751,11718,11832,11818,11765,11784,11794,11455,11785,11785,11722,11787,11760,0
600,28.200626373291016,-0.143796,-0.332986,0.156999,1.85261,-0.706828,-1.8067,0,0,0,0,0,0,11755,11715,11759,11743,11720,11830,11828,11773,11790,11767,11442,11774,11787,11719,11797,11765,0
601,28.247519731521606,-0.146007,-0.33294,0.157026,1.85258,-0.707003,-1.8067,0,0,0,0,0,0,11736,11705,11765,11736,11733,11831,11809,11760,11776,11771,11443,11785,11791,11722,11785,11756,0
602,28.294607400894165,-0.147823,-0.332921,0.15703,1.85264,-0.706957,-1.8068,0,0,0,0,0,0,11748,11723,11781,11748,11723,11831,11810,11771,11785,11793,11456,11774,11787,11721,11790,11759,0
603,28.342403411865234,-0.149641,-0.332927,0.157055,1.85262,-0.706965,-1.8065,0,0,0,0,0,0,11755,11705,11772,11738,11725,11831,11832,11773,11785,11782,11449,11774,11790,11729,11804,11764,0
604,28.388749599456787,-0.151157,-0.332889,0.157051,1.8526,-0.706741,-1.8067,0,0,0,0,0,0,11748,11704,11774,11749,11737,11836,11810,11768,11776,11786,11446,11792,11794,11724,11796,11759,0
605,28.435522317886353,-0.15302,-0.332819,0.157064,1.85247,-0.707071,-1.8065,0,0,0,0,0,0,11747,11721,11781,11736,11729,11829,11812,11767,11791,11791,11456,11771,11790,11717,11802,11759,0
606,28.48327350616455,-0.154547,-0.332764,0.157059,1.85243,-0.706873,-1.8066,0,0,0,0,0,0,11753,11707,11771,11733,11731,11832,11828,11772,11772,11785,11451,11777,11791,11727,11805,11766,0
607,28.53021216392517,-0.156711,-0.332628,0.157064,1.85245,-0.706981,-1.8067,0,0,0,0,0,0,11746,11712,11773,11748,11735,11833,11816,11767,11772,11791,11449,11792,11795,11709,11797,11757,0
608,28.57647395133972,-0.158567,-0.332496,0.157045,1.85254,-0.706931,-1.8069,0,0,0,0,0,0,11753,11721,11766,11730,11732,11823,11821,11765,11790,11795,11449,11781,11792,11709,11798,11762,0
609,28.623440504074097,-0.160381,-0.33242,0.157054,1.85259,-0.706998,-1.8067,0,0,0,0,0,0,11742,11715,11769,11733,11732,11835,11829,11770,11773,11789,11439,11786,11790,11729,11804,11752,0
610,28.67017960548401,-0.162197,-0.33231,0.157058,1.85263,-0.706947,-1.8066,0,0,0,0,0,0,11738,11718,11774,11748,11737,11820,11820,11775,11773,11790,11448,11792,11794,11708,11797,11749,0
611,28.718363761901855,-0.163714,-0.332197,0.157043,1.85274,-0.70682,-1.8067,0,0,0,0,0,0,11754,11719,11775,11735,11731,11818,11823,11773,11789,11794,11434,11786,11786,11719,11800,11763,0
612,28.76677179336548,-0.165836,-0.332059,0.157001,1.85277,-0.70652,-1.8068,0,0,0,0,0,0,11732,11716,11764,11744,11731,11836,11831,11773,11780,11788,11434,11791,11794,11727,11801,11745,0
613,28.81238341331482,-0.16736,-0.331918,0.157007,1.85271,-0.70649,-1.8069,0,0,0,0,0,0,11735,11716,11780,11754,11737,11819,11822,11759,11784,11788,11452,11791,11784,11719,11799,11746,0
614,28.85924983024597,-0.169172,-0.331735,0.157015,1.85255,-0.706825,-1.8067,0,0,0,0,0,0,11754,11720,11760,11744,11729,11825,11822,11771,11792,11791,11441,11786,11780,11724,11800,11765,0
615,28.906351804733276,-0.171025,-0.331528,0.156994,1.85259,-0.706826,-1.807,0,0,0,0,0,0,11730,11727,11754,11747,11735,11835,11833,11745,11783,11783,11443,11785,11796,11729,11801,11753,0
616,28.953309059143066,-0.17279,-0.331391,0.157013,1.85245,-0.706932,-1.8067,0,0,0,0,0,0,11745,11721,11776,11750,11729,11825,11824,11755,11786,11791,11452,11787,11779,11726,11790,11758,0
617,29.000099420547485,-0.1743,-0.331228,0.157004,1.85235,-0.706918,-1.8066,0,0,0,0,0,0,11755,11728,11758,11744,11723,11831,11823,11771,11791,11780,11446,11782,11778,11722,11800,11763,0
618,29.04730987548828,-0.176418,-0.330982,0.156976,1.85233,-0.706848,-1.8067,0,0,0,0,0,0,11742,11723,11763,11745,11737,11837,11829,11758,11784,11776,11450,11782,11797,11729,11787,11760,0
619,29.094165325164795,-0.178196,-0.330785,0.156961,1.85239,-0.706812,-1.8067,0,0,0,0,0,0,11748,11726,11776,11753,11719,11830,11817,11770,11782,11792,11458,11789,11785,11723,11786,11758,0
620,29.141679286956787,-0.179977,-0.330555,0.156947,1.8524,-0.707049,-1.8065,0,0,0,0,0,0,11752,11723,11765,11754,11718,11833,11833,11773,11787,11773,11444,11779,11790,11724,11807,11768,0
621,29.188255786895752,-0.181509,-0.330307,0.156935,1.85225,-0.707243,-1.8066,0,0,0,0,0,0,11747,11717,11771,11742,11737,11833,11820,11766,11785,11780,11444,11790,11797,11730,11789,11760,0
622,29.23523211479187,-0.183294,-0.330038,0.156921,1.85242,-0.707009,-1.807,0,0,0,0,0,0,11745,11727,11779,11769,11723,11832,11810,11767,11784,11793,11458,11775,11786,11720,11793,11762,0
623,29.282881498336792,-0.184734,-0.329867,0.156904,1.85244,-0.706931,-1.8069,0,0,0,0,0,0,11749,11709,11768,11732,11729,11830,11829,11777,11788,11786,11451,11769,11793,11725,11802,11767,0
624,29.32914638519287,-0.186794,-0.329562,0.15686,1.85239,-0.706764,-1.807,0,0,0,0,0,0,11745,11703,11765,11760,11737,11837,11809,11765,11779,11786,11453,11791,11794,11721,11794,11758,0
625,29.37615466117859,-0.188555,-0.329298,0.156818,1.85243,-0.70639,-1.8072,0,0,0,0,0,0,11745,11726,11770,11737,11728,11829,11811,11763,11787,11797,11452,11774,11791,11719,11794,11759,0
626,29.42314124107361,-0.190343,-0.328999,0.156804,1.85229,-0.706791,-1.8069,0,0,0,0,0,0,11747,11715,11771,11743,11732,11833,11829,11778,11775,11786,11445,11781,11792,11728,11806,11765,0
627,29.469738721847534,-0.192107,-0.328686,0.156762,1.85229,-0.706625,-1.807,0,0,0,0,0,0,11746,11719,11771,11747,11738,11832,11815,11771,11774,11790,11448,11789,11795,11714,11796,11754,0
628,29.517086267471313,-0.193592,-0.328418,0.156754,1.85229,-0.706902,-1.8069,0,0,0,0,0,0,11748,11726,11780,11728,11731,11825,11822,11769,11788,11797,11444,11782,11791,11708,11801,11760,0
629,29.564082384109497,-0.195068,-0.328112,0.156737,1.85213,-0.706973,-1.8069,0,0,0,0,0,0,11733,11720,11770,11743,11731,11835,11829,11775,11775,11790,11438,11789,11791,11728,11804,11753,0
630,29.611381769180298,-0.197079,-0.32774,0.156728,1.85196,-0.706829,-1.807,0,0,0,0,0,0,11721,11720,11770,11759,11735,11820,11821,11763,11777,11788,11448,11794,11792,11710,11796,11750,0
631,29.658015251159668,-0.198803,-0.327412,0.156674,1.85201,-0.70693,-1.8068,0,0,0,0,0,0,11751,11724,11770,11736,11730,11817,11825,11770,11790,11793,11433,11784,11791,11718,11797,11764,0
632,29.704996347427368,-0.200594,-0.327025,0.156639,1.85181,-0.706987,-1.8069,0,0,0,0,0,0,11727,11730,11763,11759,11731,11834,11830,11766,11781,11786,11434,11788,11793,11733,11805,11743,0
633,29.75197696685791,-0.202326,-0.326688,0.156609,1.85188,-0.70669,-1.8071,0,0,0,0,0,0,11735,11723,11776,11751,11737,11817,11823,11754,11783,11788,11456,11790,11784,11721,11796,11745,0
634,29.79952621459961,-0.203785,-0.326335,0.156583,1.85176,-0.706826,-1.8072,0,0,0,0,0,0,11751,11727,11760,11756,11730,11823,11824,11774,11790,11788,11436,11785,11783,11725,11798,11765,0
635,29.845918655395508,-0.205737,-0.3259,0.156534,1.85173,-0.706965,-1.8072,0,0,0,0,0,0,11738,11710,11755,11751,11725,11837,11827,11750,11779,11777,11441,11785,11787,11725,11797,11744,0
