n,t,x,y,z,rx,ry,rz,fx,fy,fz,tx,ty,tz,skin,pinching
0,0.0,-0.553955,-0.102498,0.244252,-0.872781,0.85102,2.222,0,0,0,0,0,0,11506,11480,11536,11537,11500,11599,11589,11541,11547,11555,10430,11555,11565,11496,11616,11527,0
1,0.04756307601928711,-0.553949,-0.102516,0.244274,-0.872744,0.850936,2.2227,0,0,0,0,0,0,11521,11495,11544,11540,11487,11584,11573,11539,11556,11571,10431,11553,11557,11474,11610,11539,0
2,0.09543466567993164,-0.553962,-0.102489,0.244266,-0.872823,0.850933,2.222,0,0,0,0,0,0,11524,11485,11530,11524,11490,11600,11586,11555,11557,11553,10415,11542,11564,11494,11623,11542,0
3,0.14031624794006348,-0.553969,-0.10251,0.244252,-0.872853,0.850977,2.2227,0,0,0,0,0,0,11506,11477,11538,11533,11503,11599,11568,11536,11545,11556,10435,11556,11568,11488,11610,11522,0
4,0.18918323516845703,-0.553954,-0.102503,0.244237,-0.872825,0.850815,2.2226,0,0,0,0,0,0,11520,11486,11542,11532,11489,11584,11574,11544,11558,11567,10434,11546,11549,11478,11618,11538,0
5,0.23514127731323242,-0.553949,-0.102498,0.244243,-0.872867,0.850899,2.2227,0,0,0,0,0,0,11522,11480,11529,11518,11500,11600,11586,11554,11555,11553,10420,11549,11568,11493,11624,11542,0
6,0.2834196090698242,-0.553957,-0.10248,0.244242,-0.872872,0.850876,2.222,0,0,0,0,0,0,11511,11483,11542,11537,11504,11600,11575,11531,11542,11558,10424,11552,11567,11479,11609,11523,0
7,0.3289792537689209,-0.553954,-0.10249,0.244267,-0.872743,0.851075,2.2227,0,0,0,0,0,0,11520,11488,11541,11526,11486,11583,11579,11549,11554,11560,10431,11539,11554,11478,11619,11537,0
8,0.37607908248901367,-0.553942,-0.102514,0.244254,-0.87281,0.850966,2.2227,0,0,0,0,0,0,11517,11484,11530,11530,11502,11599,11587,11545,11546,11553,10419,11551,11568,11492,11621,11535,0
9,0.42301487922668457,-0.553961,-0.102524,0.244249,-0.87285,0.850922,2.2227,0,0,0,0,0,0,11502,11489,11540,11536,11503,11589,11573,11541,11552,11565,10435,11560,11569,11483,11606,11526,0
10,0.47168469429016113,-0.553961,-0.102509,0.244237,-0.872858,0.850934,2.2227,0,0,0,0,0,0,11527,11490,11539,11526,11493,11588,11585,11555,11558,11565,10421,11538,11555,11487,11623,11540,0
11,0.5165660381317139,-0.553971,-0.102495,0.244241,-0.872846,0.851002,2.2227,0,0,0,0,0,0,11510,11475,11531,11534,11500,11598,11587,11547,11547,11552,10423,11556,11570,11492,11622,11527,0
12,0.5654335021972656,-0.553949,-0.102517,0.244254,-0.872857,0.850877,2.2227,0,0,0,0,0,0,11520,11479,11543,11530,11499,11588,11572,11534,11555,11565,10435,11559,11558,11478,11609,11532,0
13,0.6123409271240234,-0.553968,-0.102529,0.244251,-0.872836,0.850924,2.2227,0,0,0,0,0,0,11521,11489,11528,11526,11487,11594,11584,11546,11558,11563,10419,11540,11555,11490,11623,11547,0
14,0.6578450202941895,-0.553958,-0.102516,0.244252,-0.872799,0.851007,2.2228,0,0,0,0,0,0,11515,11472,11533,11537,11502,11604,11587,11539,11548,11554,10437,11556,11572,11495,11616,11529,0
15,0.7047781944274902,-0.553956,-0.102504,0.244234,-0.872858,0.850804,2.2227,0,0,0,0,0,0,11532,11494,11540,11541,11493,11589,11572,11550,11556,11566,10441,11558,11558,11484,11615,11537,0
16,0.7528567314147949,-0.553958,-0.102527,0.244276,-0.872768,0.85103,2.222,0,0,0,0,0,0,11526,11489,11531,11525,11491,11599,11587,11546,11561,11556,10424,11544,11566,11494,11623,11543,0
17,0.8011133670806885,-0.553952,-0.102541,0.244248,-0.872852,0.850923,2.2228,0,0,0,0,0,0,11511,11476,11538,11534,11500,11594,11576,11539,11530,11554,10429,11548,11565,11490,11605,11523,0
18,0.8468687534332275,-0.553972,-0.102512,0.244253,-0.872825,0.850939,2.2227,0,0,0,0,0,0,11520,11484,11539,11536,11487,11585,11570,11543,11553,11562,10430,11539,11556,11474,11613,11535,0
19,0.8941166400909424,-0.553936,-0.102486,0.244271,-0.872759,0.850891,2.2227,0,0,0,0,0,0,11518,11465,11526,11520,11498,11598,11585,11550,11556,11547,10418,11539,11561,11485,11619,11537,0
20,0.9403932094573975,-0.553965,-0.102514,0.244248,-0.872879,0.850911,2.2227,0,0,0,0,0,0,11509,11472,11536,11533,11496,11594,11569,11528,11538,11559,10429,11552,11565,11482,11609,11526,0
21,0.9892623424530029,-0.553969,-0.102517,0.244246,-0.872854,0.850995,2.2227,0,0,0,0,0,0,11523,11490,11537,11526,11486,11583,11576,11553,11554,11563,10431,11541,11556,11468,11616,11533,0
22,1.0361340045928955,-0.553965,-0.102482,0.244263,-0.872776,0.850986,2.2227,0,0,0,0,0,0,11518,11466,11523,11514,11493,11594,11581,11550,11531,11548,10414,11546,11565,11487,11619,11531,0
23,1.08101487159729,-0.553959,-0.102517,0.244266,-0.872792,0.851034,2.222,0,0,0,0,0,0,11509,11479,11536,11533,11498,11586,11566,11530,11543,11560,10426,11551,11564,11474,11606,11520,0
24,1.1298840045928955,-0.553952,-0.102516,0.24427,-0.872787,0.850895,2.2227,0,0,0,0,0,0,11519,11487,11540,11524,11481,11580,11576,11547,11552,11562,10421,11537,11550,11479,11618,11537,0
25,1.175762414932251,-0.553962,-0.102498,0.244243,-0.872818,0.850965,2.2227,0,0,0,0,0,0,11503,11465,11530,11528,11497,11594,11581,11538,11543,11541,10418,11549,11564,11487,11618,11522,0
26,1.222637414932251,-0.55395,-0.102503,0.244261,-0.872771,0.850979,2.2227,0,0,0,0,0,0,11505,11490,11531,11533,11499,11583,11572,11531,11551,11560,10436,11553,11558,11474,11609,11523,0
27,1.2695229053497314,-0.553956,-0.10251,0.244262,-0.872772,0.850973,2.2227,0,0,0,0,0,0,11516,11489,11528,11520,11486,11588,11578,11544,11553,11560,10420,11546,11553,11490,11621,11539,0
28,1.3173906803131104,-0.553968,-0.102517,0.244261,-0.872818,0.850891,2.2227,0,0,0,0,0,0,11507,11484,11524,11532,11496,11594,11583,11535,11539,11549,10432,11550,11566,11487,11615,11521,0
29,1.3642656803131104,-0.553957,-0.102513,0.244246,-0.872879,0.850888,2.2227,0,0,0,0,0,0,11513,11487,11538,11522,11489,11584,11568,11530,11552,11561,10430,11551,11553,11476,11607,11531,0
30,1.4111406803131104,-0.553952,-0.102469,0.244253,-0.872781,0.850965,2.2227,0,0,0,0,0,0,11516,11490,11523,11516,11484,11590,11579,11545,11554,11553,10419,11540,11558,11485,11621,11536,0
31,1.457016944885254,-0.553956,-0.102499,0.244261,-0.872824,0.851015,2.2227,0,0,0,0,0,0,11501,11481,11536,11532,11498,11594,11579,11526,11542,11548,10428,11552,11562,11489,11608,11513,0
32,1.504889726638794,-0.55395,-0.102531,0.244268,-0.872766,0.850955,2.222,0,0,0,0,0,0,11510,11488,11538,11534,11483,11584,11568,11541,11551,11562,10429,11546,11551,11478,11609,11535,0
33,1.551764965057373,-0.553952,-0.102525,0.244273,-0.872817,0.850992,2.2228,0,0,0,0,0,0,11518,11480,11522,11521,11488,11593,11579,11533,11551,11548,10419,11538,11563,11485,11617,11534,0
34,1.5986390113830566,-0.553957,-0.10249,0.244251,-0.872775,0.850981,2.2227,0,0,0,0,0,0,11506,11469,11526,11532,11497,11594,11567,11526,11543,11558,10434,11549,11564,11486,11603,11520,0
35,1.646510362625122,-0.55395,-0.102519,0.244249,-0.872859,0.850911,2.2227,0,0,0,0,0,0,11514,11488,11530,11527,11483,11581,11568,11543,11553,11559,10430,11537,11549,11476,11615,11534,0
36,1.6923882961273193,-0.553959,-0.102509,0.244249,-0.87282,0.850923,2.2227,0,0,0,0,0,0,11519,11472,11522,11523,11493,11592,11580,11540,11543,11547,10418,11542,11562,11488,11617,11534,0
37,1.7392632961273193,-0.553967,-0.102511,0.244242,-0.872841,0.85096,2.2227,0,0,0,0,0,0,11506,11485,11538,11524,11496,11590,11565,11525,11541,11557,10433,11559,11567,11477,11603,11522,0
38,1.7871365547180176,-0.553976,-0.102536,0.244272,-0.872838,0.850966,2.2226,0,0,0,0,0,0,11517,11485,11538,11520,11482,11586,11578,11536,11551,11562,10428,11537,11549,11475,11616,11533,0
39,1.8340096473693848,-0.553973,-0.102719,0.244351,-0.87269,0.851319,2.2227,0,0,0,0,0,0,11506,11472,11525,11523,11493,11595,11581,11539,11539,11546,10422,11549,11562,11486,11618,11525,0
40,1.8808839321136475,-0.553956,-0.103054,0.244403,-0.872664,0.851562,2.2229,0,0,0,0,0,0,11508,11486,11538,11534,11496,11580,11564,11528,11548,11561,10434,11552,11564,11477,11596,11526,0
41,1.927757740020752,-0.553951,-0.103721,0.244475,-0.87265,0.851471,2.2228,0,0,0,0,0,0,11520,11488,11536,11521,11489,11585,11584,11546,11556,11563,10418,11540,11553,11486,11621,11539,0
42,1.973635196685791,-0.553947,-0.10415,0.244461,-0.872642,0.851639,2.2229,0,0,0,0,0,0,11507,11471,11532,11535,11500,11596,11583,11539,11543,11560,10428,11560,11568,11491,11622,11524,0
43,2.02150821685791,-0.554005,-0.104653,0.244365,-0.872914,0.851677,2.2228,0,0,0,0,0,0,11517,11490,11540,11538,11496,11583,11567,11529,11552,11564,10433,11552,11551,11475,11610,11531,0
44,2.068382501602173,-0.553977,-0.105161,0.244314,-0.872861,0.851281,2.2227,0,0,0,0,0,0,11514,11486,11519,11520,11495,11593,11581,11539,11557,11564,10424,11538,11559,11489,11625,11538,0
45,2.1152570247650146,-0.553989,-0.105596,0.244263,-0.87294,0.851131,2.2228,0,0,0,0,0,0,11506,11467,11532,11532,11499,11598,11583,11527,11541,11554,10434,11557,11566,11491,11615,11529,0
46,2.1619813442230225,-0.553973,-0.106161,0.244244,-0.87288,0.85112,2.2228,0,0,0,0,0,0,11513,11488,11541,11536,11490,11589,11574,11545,11555,11570,10436,11555,11558,11471,11622,11540,0
47,2.2099249362945557,-0.554036,-0.106662,0.244216,-0.873129,0.851012,2.2227,0,0,0,0,0,0,11527,11489,11531,11523,11491,11597,11585,11559,11558,11553,10424,11544,11563,11490,11624,11542,0
48,2.2558045387268066,-0.553978,-0.107137,0.244223,-0.872865,0.850913,2.2227,0,0,0,0,0,0,11508,11477,11540,11535,11501,11598,11575,11536,11545,11554,10438,11556,11569,11491,11624,11527,0
49,2.3026769161224365,-0.554033,-0.107592,0.244222,-0.873129,0.850971,2.2227,0,0,0,0,0,0,11522,11487,11542,11536,11496,11583,11575,11551,11556,11565,10437,11542,11554,11476,11615,11542,0
50,2.351545810699463,-0.55403,-0.108001,0.244221,-0.873182,0.850987,2.2227,0,0,0,0,0,0,11523,11477,11529,11524,11497,11599,11585,11557,11552,11553,10425,11543,11570,11492,11633,11540,0
51,2.3968944549560547,-0.554007,-0.108534,0.244215,-0.873089,0.851043,2.2227,0,0,0,0,0,0,11509,11482,11544,11535,11504,11600,11573,11537,11546,11563,10438,11558,11568,11483,11611,11529,0
52,2.4447991847991943,-0.55399,-0.108927,0.244214,-0.873042,0.850862,2.2227,0,0,0,0,0,0,11527,11483,11547,11527,11491,11587,11579,11543,11558,11569,10440,11547,11560,11486,11636,11549,0
53,2.490877389907837,-0.553972,-0.109399,0.244221,-0.872974,0.850955,2.2227,0,0,0,0,0,0,11524,11479,11533,11525,11500,11600,11587,11547,11548,11550,10432,11550,11571,11491,11623,11538,0
54,2.537860870361328,-0.553999,-0.10989,0.244227,-0.873061,0.850958,2.2227,0,0,0,0,0,0,11518,11486,11545,11528,11502,11592,11577,11530,11549,11567,10443,11556,11566,11479,11616,11531,0
55,2.5855355262756348,-0.553997,-0.110379,0.244231,-0.873049,0.850923,2.2227,0,0,0,0,0,0,11525,11488,11540,11523,11490,11587,11583,11544,11555,11568,10433,11539,11557,11485,11628,11540,0
56,2.6318538188934326,-0.554011,-0.11079,0.244232,-0.873005,0.851017,2.2227,0,0,0,0,0,0,11517,11483,11534,11536,11506,11601,11587,11553,11548,11553,10439,11559,11572,11497,11632,11536,0
57,2.6788392066955566,-0.554042,-0.111386,0.244241,-0.873183,0.85102,2.2228,0,0,0,0,0,0,11519,11491,11547,11542,11504,11588,11573,11539,11553,11568,10442,11560,11570,11482,11613,11528,0
58,2.7257955074310303,-0.553992,-0.111875,0.244256,-0.872952,0.85111,2.2229,0,0,0,0,0,0,11531,11492,11537,11528,11491,11596,11590,11548,11560,11567,10429,11544,11556,11491,11632,11548,0
59,2.7726409435272217,-0.554035,-0.112352,0.244235,-0.873192,0.850943,2.222,0,0,0,0,0,0,11515,11480,11535,11539,11504,11603,11589,11538,11547,11558,10435,11561,11574,11499,11626,11529,0
60,2.819798707962036,-0.554014,-0.112749,0.24423,-0.87314,0.850903,2.222,0,0,0,0,0,0,11529,11489,11545,11537,11493,11585,11570,11542,11559,11564,10439,11557,11554,11476,11614,11542,0
61,2.8667101860046387,-0.553984,-0.113211,0.244251,-0.872901,0.850953,2.2228,0,0,0,0,0,0,11528,11489,11523,11530,11493,11600,11588,11558,11561,11563,10432,11544,11569,11494,11642,11550,0
62,2.9138002395629883,-0.553996,-0.113616,0.244258,-0.873014,0.851014,2.2228,0,0,0,0,0,0,11519,11474,11539,11538,11507,11603,11587,11536,11549,11558,10439,11559,11572,11494,11617,11535,0
63,2.961594820022583,-0.553987,-0.114174,0.244248,-0.872944,0.851016,2.222,0,0,0,0,0,0,11531,11484,11544,11538,11491,11587,11574,11547,11558,11571,10445,11552,11556,11477,11631,11550,0
64,3.007473945617676,-0.554026,-0.114682,0.244205,-0.873262,0.850864,2.2227,0,0,0,0,0,0,11530,11481,11531,11517,11497,11599,11587,11556,11562,11555,10429,11545,11567,11495,11626,11549,0
65,3.0553436279296875,-0.553987,-0.115164,0.244224,-0.873042,0.851006,2.2228,0,0,0,0,0,0,11520,11479,11540,11539,11504,11604,11577,11535,11550,11564,10444,11561,11572,11494,11623,11536,0
66,3.10221791267395,-0.554022,-0.115606,0.244239,-0.873075,0.850899,2.2226,0,0,0,0,0,0,11529,11492,11549,11535,11496,11591,11579,11551,11563,11573,10449,11548,11562,11486,11639,11552,0
67,3.1485161781311035,-0.553992,-0.116011,0.244229,-0.873106,0.850916,2.2228,0,0,0,0,0,0,11534,11480,11536,11531,11504,11608,11590,11560,11551,11559,10428,11555,11567,11497,11635,11550,0
68,3.1969149112701416,-0.553995,-0.116416,0.244224,-0.873018,0.850948,2.2228,0,0,0,0,0,0,11512,11484,11545,11546,11507,11599,11572,11533,11547,11565,10442,11561,11580,11487,11594,11533,0
69,3.24351167678833,-0.553989,-0.116962,0.244224,-0.872971,0.851,2.2228,0,0,0,0,0,0,11528,11494,11548,11550,11492,11590,11586,11555,11565,11572,10442,11548,11564,11488,11594,11547,0
70,3.2904739379882812,-0.553987,-0.117442,0.244217,-0.87294,0.850832,2.2227,0,0,0,0,0,0,11519,11478,11536,11547,11503,11607,11590,11550,11552,11558,10432,11559,11572,11500,11607,11536,0
71,3.336810827255249,-0.553983,-0.117919,0.24423,-0.872959,0.851063,2.2228,0,0,0,0,0,0,11519,11483,11551,11556,11509,11592,11573,11540,11558,11569,10449,11562,11573,11484,11597,11532,0
72,3.38441801071167,-0.554005,-0.118431,0.244265,-0.87307,0.851115,2.222,0,0,0,0,0,0,11530,11493,11539,11544,11494,11588,11582,11549,11562,11571,10428,11543,11558,11494,11599,11540,0
73,3.4314022064208984,-0.554009,-0.118854,0.244252,-0.873131,0.850972,2.2229,0,0,0,0,0,0,11516,11476,11535,11550,11505,11603,11588,11540,11549,11554,10433,11559,11582,11499,11616,11530,0
74,3.4783577919006348,-0.554024,-0.119384,0.244259,-0.873122,0.85094,2.2228,0,0,0,0,0,0,11530,11488,11549,11552,11504,11592,11577,11539,11560,11572,10445,11566,11563,11488,11596,11545,0
75,3.525329828262329,-0.554003,-0.119847,0.24425,-0.873015,0.850993,2.2228,0,0,0,0,0,0,11532,11504,11543,11548,11504,11614,11594,11563,11571,11574,10438,11558,11570,11501,11622,11554,0
76,3.5720021724700928,-0.55401,-0.120297,0.244278,-0.87303,0.851091,2.2229,0,0,0,0,0,0,11518,11491,11548,11559,11515,11610,11594,11549,11555,11566,10449,11566,11583,11510,11612,11536,0
77,3.619351863861084,-0.554011,-0.120775,0.244276,-0.873061,0.850847,2.2228,0,0,0,0,0,0,11533,11507,11555,11556,11502,11599,11585,11553,11568,11579,10451,11568,11568,11493,11609,11552,0
78,3.6661760807037354,-0.554003,-0.121242,0.244243,-0.873097,0.850966,2.2228,0,0,0,0,0,0,11535,11499,11542,11552,11505,11611,11597,11561,11574,11571,10439,11557,11586,11503,11621,11556,0
79,3.714123010635376,-0.553995,-0.121631,0.244238,-0.87301,0.85108,2.2229,0,0,0,0,0,0,11523,11498,11559,11561,11519,11615,11592,11557,11561,11576,10461,11576,11586,11513,11619,11545,0
80,3.761124849319458,-0.553994,-0.122147,0.244237,-0.872981,0.851037,2.2228,0,0,0,0,0,0,11533,11505,11556,11561,11507,11605,11590,11561,11572,11584,10458,11564,11576,11497,11626,11552,0
81,3.8076493740081787,-0.553993,-0.12265,0.244267,-0.872958,0.851058,2.222,0,0,0,0,0,0,11547,11500,11542,11550,11522,11613,11603,11565,11571,11572,10443,11564,11584,11513,11629,11564,0
82,3.854151487350464,-0.553971,-0.123093,0.244258,-0.872881,0.851085,2.2229,0,0,0,0,0,0,11526,11503,11555,11553,11519,11617,11588,11547,11558,11579,10446,11570,11588,11499,11616,11536,0
83,3.90208101272583,-0.554003,-0.123518,0.24422,-0.873079,0.851063,2.2228,0,0,0,0,0,0,11530,11505,11556,11544,11503,11600,11593,11563,11575,11588,10457,11560,11571,11496,11627,11552,0
84,3.9499847888946533,-0.553986,-0.123981,0.244212,-0.873022,0.851084,2.2228,0,0,0,0,0,0,11537,11495,11545,11545,11518,11616,11602,11573,11560,11568,10444,11572,11585,11507,11635,11549,0
85,3.9958624839782715,-0.553976,-0.124397,0.244236,-0.872959,0.850952,2.2228,0,0,0,0,0,0,11519,11506,11554,11557,11521,11606,11587,11557,11562,11579,10458,11575,11585,11500,11620,11547,0
86,4.0418784618377686,-0.553984,-0.124933,0.244263,-0.872938,0.851069,2.2227,0,0,0,0,0,0,11543,11514,11557,11547,11510,11611,11605,11568,11577,11586,10451,11561,11577,11506,11640,11556,0
87,4.088979244232178,-0.554029,-0.125469,0.244226,-0.873169,0.850907,2.2227,0,0,0,0,0,0,11535,11498,11549,11561,11526,11623,11608,11564,11561,11568,10453,11572,11582,11512,11639,11547,0
88,4.136016368865967,-0.554,-0.125902,0.244245,-0.872992,0.851077,2.2227,0,0,0,0,0,0,11529,11507,11558,11560,11529,11608,11593,11552,11575,11580,10467,11576,11583,11496,11631,11548,0
89,4.18299412727356,-0.55403,-0.12637,0.244264,-0.873065,0.851051,2.2227,0,0,0,0,0,0,11547,11516,11550,11545,11506,11616,11605,11574,11579,11584,10450,11563,11574,11512,11632,11561,0
90,4.231943130493164,-0.55402,-0.126769,0.244252,-0.873035,0.851061,2.2227,0,0,0,0,0,0,11526,11499,11551,11560,11518,11623,11604,11565,11558,11571,10456,11573,11589,11511,11639,11543,0
91,4.276790380477905,-0.55397,-0.12736,0.244276,-0.872812,0.851146,2.2229,0,0,0,0,0,0,11533,11506,11558,11558,11512,11602,11589,11559,11572,11576,10460,11572,11568,11494,11620,11556,0
92,4.323667287826538,-0.554003,-0.127754,0.244271,-0.872874,0.851062,2.222,0,0,0,0,0,0,11538,11507,11546,11539,11504,11615,11596,11569,11574,11570,10445,11558,11580,11506,11645,11555,0
93,4.370872735977173,-0.554011,-0.128231,0.244225,-0.873129,0.850971,2.2227,0,0,0,0,0,0,11517,11497,11552,11554,11517,11617,11598,11557,11559,11571,10456,11570,11585,11510,11623,11544,0
94,4.418656587600708,-0.55398,-0.128704,0.244263,-0.872871,0.851175,2.2228,0,0,0,0,0,0,11540,11502,11559,11554,11504,11602,11590,11559,11574,11583,10458,11563,11571,11498,11642,11555,0
95,4.4647932052612305,-0.554028,-0.129224,0.244236,-0.873197,0.851002,2.2227,0,0,0,0,0,0,11542,11496,11547,11539,11514,11616,11601,11564,11573,11570,10446,11561,11580,11510,11640,11561,0
96,4.511876583099365,-0.55401,-0.129592,0.244247,-0.873143,0.850939,2.2227,0,0,0,0,0,0,11525,11500,11556,11551,11523,11616,11590,11546,11560,11580,10456,11568,11589,11505,11632,11542,0
97,4.558934211730957,-0.553983,-0.130166,0.244237,-0.872943,0.850956,2.2228,0,0,0,0,0,0,11537,11514,11556,11546,11506,11609,11593,11557,11565,11579,10459,11559,11561,11490,11636,11554,0
98,4.605770826339722,-0.554036,-0.130655,0.244226,-0.87325,0.851015,2.2228,0,0,0,0,0,0,11532,11486,11541,11539,11512,11611,11597,11559,11557,11564,10437,11565,11587,11504,11642,11551,0
99,4.652771234512329,-0.553981,-0.131105,0.244245,-0.872949,0.85104,2.2228,0,0,0,0,0,0,11527,11501,11554,11547,11520,11609,11587,11554,11563,11580,10454,11570,11580,11495,11626,11541,0
100,4.699644565582275,-0.55399,-0.131487,0.244215,-0.873021,0.850927,2.2227,0,0,0,0,0,0,11534,11496,11555,11539,11503,11601,11601,11569,11567,11584,10447,11560,11570,11498,11635,11551,0
101,4.74655294418335,-0.553971,-0.13202,0.244259,-0.87287,0.851037,2.222,0,0,0,0,0,0,11528,11489,11544,11544,11517,11610,11600,11559,11559,11568,10446,11570,11584,11505,11651,11545,0
102,4.794393301010132,-0.55398,-0.132413,0.244254,-0.872857,0.851014,2.2228,0,0,0,0,0,0,11526,11502,11561,11549,11517,11603,11584,11543,11566,11578,10452,11572,11575,11492,11619,11542,0
103,4.840626955032349,-0.553992,-0.132979,0.24424,-0.872955,0.851279,2.2229,0,0,0,0,0,0,11530,11503,11547,11534,11500,11604,11595,11568,11572,11580,10437,11562,11576,11507,11647,11548,0
104,4.887596368789673,-0.553993,-0.133476,0.244273,-0.872858,0.851226,2.223,0,0,0,0,0,0,11525,11491,11544,11553,11520,11611,11607,11559,11564,11572,10448,11572,11580,11511,11635,11543,0
105,4.934567213058472,-0.554036,-0.133914,0.244209,-0.873141,0.851271,2.2228,0,0,0,0,0,0,11537,11504,11555,11555,11515,11604,11591,11561,11574,11582,10459,11575,11578,11498,11626,11551,0
106,4.981513738632202,-0.554043,-0.134324,0.244224,-0.873163,0.851133,2.2228,0,0,0,0,0,0,11540,11507,11549,11543,11511,11616,11606,11571,11589,11580,10453,11569,11580,11517,11650,11559,0
107,5.028521537780762,-0.553981,-0.134808,0.244224,-0.872912,0.851018,2.2228,0,0,0,0,0,0,11530,11498,11561,11560,11529,11623,11613,11559,11569,11579,10469,11581,11590,11518,11625,11546,0
108,5.075510263442993,-0.554005,-0.135191,0.244218,-0.872951,0.851149,2.2228,0,0,0,0,0,0,11545,11511,11563,11563,11514,11610,11599,11569,11585,11589,10473,11576,11579,11507,11641,11561,0
109,5.122492074966431,-0.554043,-0.135759,0.244188,-0.873139,0.850964,2.2227,0,0,0,0,0,0,11550,11509,11552,11549,11520,11628,11613,11579,11586,11579,10460,11568,11586,11517,11641,11562,0
110,5.1701531410217285,-0.553992,-0.136223,0.244231,-0.872942,0.851017,2.2227,0,0,0,0,0,0,11537,11498,11566,11561,11522,11628,11602,11556,11572,11585,10467,11582,11593,11515,11638,11547,0
111,5.217029333114624,-0.554006,-0.136718,0.244234,-0.87309,0.850891,2.222,0,0,0,0,0,0,11546,11508,11565,11556,11508,11608,11600,11568,11580,11584,10468,11566,11571,11502,11633,11559,0
112,5.265896558761597,-0.553983,-0.137188,0.244242,-0.872927,0.851059,2.2228,0,0,0,0,0,0,11544,11495,11553,11547,11527,11626,11610,11579,11571,11579,10459,11580,11600,11519,11648,11563,0
113,5.311358451843262,-0.553965,-0.137589,0.244214,-0.872914,0.850891,2.2228,0,0,0,0,0,0,11544,11511,11571,11568,11529,11625,11604,11562,11579,11599,10476,11582,11595,11510,11631,11554,0
114,5.358379602432251,-0.553989,-0.138193,0.244171,-0.873102,0.850949,2.222,0,0,0,0,0,0,11554,11511,11572,11553,11518,11616,11619,11577,11588,11593,10468,11571,11587,11510,11653,11567,0
115,5.405341625213623,-0.553984,-0.138665,0.244193,-0.872967,0.851089,2.2229,0,0,0,0,0,0,11547,11504,11561,11559,11534,11632,11616,11576,11579,11584,10470,11588,11599,11528,11646,11561,0
116,5.453207015991211,-0.554042,-0.139174,0.244187,-0.873307,0.851011,2.2228,0,0,0,0,0,0,11539,11516,11573,11570,11536,11627,11613,11565,11590,11595,10481,11594,11605,11515,11641,11557,0
117,5.499744415283203,-0.554027,-0.139566,0.244192,-0.873264,0.850953,2.2228,0,0,0,0,0,0,11556,11529,11571,11559,11529,11628,11622,11580,11589,11600,10472,11579,11590,11525,11653,11573,0
118,5.54670524597168,-0.553999,-0.140031,0.24422,-0.873002,0.851062,2.2228,0,0,0,0,0,0,11540,11516,11559,11571,11536,11635,11620,11565,11582,11591,10472,11596,11604,11517,11651,11556,0
119,5.593898057937622,-0.55398,-0.14042,0.244272,-0.872825,0.851243,2.2229,0,0,0,0,0,0,11546,11530,11576,11572,11534,11625,11611,11568,11597,11596,10486,11593,11593,11515,11637,11566,0
120,5.6402060985565186,-0.553977,-0.14097,0.244231,-0.872882,0.851031,2.2228,0,0,0,0,0,0,11552,11523,11561,11557,11530,11632,11620,11581,11592,11595,10468,11573,11593,11526,11654,11566,0
121,5.687222242355347,-0.554011,-0.141493,0.244211,-0.873167,0.850724,2.2227,0,0,0,0,0,0,11528,11511,11563,11572,11537,11633,11623,11568,11582,11588,10477,11595,11605,11523,11641,11559,0
122,5.734142541885376,-0.554013,-0.141941,0.244221,-0.87302,0.851137,2.2228,0,0,0,0,0,0,11562,11529,11582,11572,11530,11625,11618,11584,11601,11601,10486,11589,11601,11521,11656,11577,0
123,5.781020641326904,-0.554017,-0.142321,0.244181,-0.873112,0.851036,2.2228,0,0,0,0,0,0,11556,11534,11571,11565,11535,11642,11631,11592,11602,11596,10475,11594,11606,11535,11655,11574,0
124,5.829564571380615,-0.554017,-0.14282,0.244196,-0.873131,0.850822,2.2228,0,0,0,0,0,0,11546,11520,11579,11584,11544,11640,11621,11583,11588,11606,10489,11592,11615,11535,11655,11565,0
125,5.875442743301392,-0.554032,-0.14323,0.244237,-0.873178,0.850976,2.2228,0,0,0,0,0,0,11560,11537,11584,11583,11532,11628,11618,11592,11605,11613,10485,11590,11601,11523,11654,11577,0
126,5.921321153640747,-0.554012,-0.143771,0.244227,-0.873149,0.851018,2.2228,0,0,0,0,0,0,11562,11527,11573,11567,11543,11644,11633,11590,11603,11596,10476,11596,11606,11540,11667,11581,0
127,5.9687371253967285,-0.553992,-0.144232,0.244201,-0.873101,0.851146,2.222,0,0,0,0,0,0,11547,11530,11587,11582,11559,11645,11620,11586,11597,11613,10489,11609,11619,11535,11656,11571,0
128,6.015993356704712,-0.55401,-0.144738,0.244184,-0.873113,0.85102,2.2228,0,0,0,0,0,0,11565,11543,11583,11575,11534,11631,11627,11593,11603,11615,10489,11590,11595,11526,11666,11588,0
129,6.063591718673706,-0.554019,-0.145218,0.24419,-0.873117,0.851117,2.2228,0,0,0,0,0,0,11562,11531,11578,11574,11551,11649,11638,11595,11600,11610,10480,11610,11625,11543,11676,11584,0
130,6.110036373138428,-0.553998,-0.145597,0.24424,-0.872957,0.851195,2.2229,0,0,0,0,0,0,11558,11544,11596,11595,11554,11647,11623,11584,11606,11620,10503,11616,11618,11532,11658,11580,0
131,6.156945705413818,-0.553992,-0.146002,0.244219,-0.872923,0.851143,2.2228,0,0,0,0,0,0,11572,11539,11592,11587,11543,11641,11641,11597,11613,11619,10489,11592,11610,11542,11647,11588,0
132,6.2039594650268555,-0.553993,-0.146576,0.244239,-0.87298,0.851211,2.2229,0,0,0,0,0,0,11560,11534,11578,11599,11563,11657,11640,11583,11599,11601,10488,11615,11625,11546,11648,11578,0
133,6.250857591629028,-0.554011,-0.147059,0.244223,-0.873129,0.851011,2.2228,0,0,0,0,0,0,11562,11545,11599,11605,11561,11643,11625,11587,11613,11626,10501,11614,11612,11534,11640,11579,0
134,6.2977519035339355,-0.554006,-0.147528,0.244227,-0.873031,0.851087,2.2228,0,0,0,0,0,0,11573,11545,11588,11597,11541,11650,11639,11599,11614,11615,10490,11592,11613,11547,11648,11591,0
135,6.345940828323364,-0.554003,-0.148052,0.244227,-0.873049,0.851038,2.2228,0,0,0,0,0,0,11559,11534,11589,11597,11566,11655,11636,11596,11600,11614,10496,11614,11619,11553,11654,11576,0
136,6.391857385635376,-0.553977,-0.148406,0.244248,-0.872909,0.85111,2.2228,0,0,0,0,0,0,11576,11547,11597,11608,11554,11641,11625,11592,11613,11613,10494,11610,11612,11531,11637,11588,0
137,6.438753843307495,-0.554,-0.148958,0.244217,-0.873039,0.851124,2.2228,0,0,0,0,0,0,11572,11542,11585,11587,11542,11654,11638,11606,11613,11609,10488,11593,11616,11540,11658,11591,0
138,6.485716819763184,-0.55404,-0.14944,0.244204,-0.873286,0.8508,2.2227,0,0,0,0,0,0,11560,11539,11596,11603,11558,11656,11633,11594,11603,11604,10500,11612,11627,11548,11644,11578,0
139,6.532566070556641,-0.553992,-0.149905,0.244229,-0.873024,0.851077,2.2227,0,0,0,0,0,0,11575,11547,11599,11596,11545,11637,11626,11604,11615,11625,10505,11608,11606,11530,11648,11590,0
140,6.579700231552124,-0.553971,-0.150288,0.244228,-0.872931,0.851152,2.2229,0,0,0,0,0,0,11566,11527,11580,11591,11541,11647,11633,11602,11603,11597,10484,11594,11620,11543,11657,11587,0
141,6.626574516296387,-0.554008,-0.15082,0.244217,-0.873195,0.850873,2.2228,0,0,0,0,0,0,11552,11530,11590,11592,11563,11654,11629,11589,11603,11623,10506,11617,11622,11544,11654,11583,0
142,6.673449516296387,-0.55401,-0.15122,0.244222,-0.873144,0.850894,2.2228,0,0,0,0,0,0,11571,11554,11601,11594,11543,11642,11630,11599,11613,11616,10501,11601,11616,11537,11662,11592,0
143,6.7206151485443115,-0.554008,-0.151783,0.244249,-0.873123,0.850947,2.222,0,0,0,0,0,0,11572,11542,11585,11585,11567,11660,11643,11608,11608,11609,10493,11612,11621,11553,11671,11598,0
144,6.7676451206207275,-0.554006,-0.152232,0.244249,-0.87303,0.851251,2.2229,0,0,0,0,0,0,11568,11547,11604,11609,11564,11657,11630,11592,11607,11629,10505,11617,11631,11542,11654,11584,0
145,6.814539194107056,-0.553995,-0.15274,0.244298,-0.872933,0.851255,2.223,0,0,0,0,0,0,11579,11553,11605,11586,11549,11646,11643,11605,11620,11618,10497,11606,11618,11546,11674,11599,0
146,6.861570358276367,-0.553994,-0.153126,0.244282,-0.872939,0.851022,2.2228,0,0,0,0,0,0,11567,11530,11588,11586,11557,11655,11640,11598,11605,11602,10490,11614,11620,11550,11676,11583,0
147,6.908475875854492,-0.554015,-0.15362,0.244273,-0.873049,0.851147,2.2229,0,0,0,0,0,0,11566,11547,11601,11602,11563,11651,11633,11591,11617,11628,10508,11610,11628,11539,11652,11592,0
148,6.95548939704895,-0.554015,-0.154001,0.244263,-0.873044,0.851141,2.2227,0,0,0,0,0,0,11588,11541,11599,11581,11552,11651,11643,11607,11618,11627,10495,11595,11618,11553,11675,11588,0
149,7.002477407455444,-0.554015,-0.154567,0.244285,-0.873033,0.851131,2.2228,0,0,0,0,0,0,11570,11539,11590,11589,11568,11657,11641,11597,11603,11603,10496,11616,11623,11556,11676,11578,0
150,7.049439430236816,-0.553988,-0.155035,0.244252,-0.872945,0.85116,2.2228,0,0,0,0,0,0,11574,11552,11598,11598,11564,11647,11631,11597,11615,11622,10495,11621,11619,11538,11662,11589,0
151,7.0963826179504395,-0.554017,-0.155539,0.24423,-0.873153,0.851055,2.2228,0,0,0,0,0,0,11583,11550,11592,11585,11552,11657,11645,11610,11620,11616,10493,11603,11613,11551,11675,11594,0
152,7.143725872039795,-0.554005,-0.156002,0.244218,-0.873116,0.851104,2.2228,0,0,0,0,0,0,11563,11533,11586,11585,11558,11657,11640,11600,11601,11616,10504,11617,11632,11553,11669,11580,0
153,7.190324306488037,-0.553984,-0.156425,0.244237,-0.873075,0.851075,2.222,0,0,0,0,0,0,11579,11552,11603,11600,11554,11647,11631,11607,11616,11616,10509,11616,11612,11538,11666,11597,0
154,7.237318992614746,-0.553979,-0.156833,0.244232,-0.873029,0.851251,2.223,0,0,0,0,0,0,11584,11537,11595,11593,11551,11660,11645,11614,11620,11617,10497,11604,11630,11551,11682,11596,0
155,7.2842698097229,-0.55402,-0.157361,0.244201,-0.873197,0.851099,2.2228,0,0,0,0,0,0,11575,11530,11601,11603,11562,11663,11637,11592,11607,11619,10510,11617,11617,11551,11673,11588,0
156,7.331246852874756,-0.553953,-0.157849,0.24428,-0.872807,0.851246,2.2229,0,0,0,0,0,0,11589,11542,11607,11601,11550,11646,11634,11603,11621,11630,10513,11611,11625,11539,11678,11596,0
157,7.378209590911865,-0.554015,-0.158342,0.244223,-0.87308,0.851132,2.222,0,0,0,0,0,0,11586,11529,11592,11582,11567,11658,11648,11614,11611,11613,10496,11597,11614,11553,11681,11602,0
158,7.425459623336792,-0.554,-0.158832,0.244264,-0.872945,0.851132,2.2228,0,0,0,0,0,0,11576,11532,11604,11600,11562,11658,11638,11592,11609,11629,10512,11621,11624,11543,11680,11585,0
159,7.473332643508911,-0.553993,-0.159205,0.244227,-0.872907,0.851044,2.222,0,0,0,0,0,0,11586,11549,11608,11587,11557,11651,11645,11613,11622,11630,10501,11612,11617,11542,11678,11607,0
160,7.520206451416016,-0.553995,-0.159787,0.244246,-0.872955,0.851337,2.223,0,0,0,0,0,0,11577,11538,11592,11582,11565,11662,11648,11609,11608,11609,10496,11621,11624,11554,11694,11594,0
161,7.566136360168457,-0.554026,-0.160267,0.244212,-0.873191,0.851099,2.2228,0,0,0,0,0,0,11577,11539,11606,11602,11563,11649,11636,11600,11614,11627,10511,11623,11630,11542,11669,11591,0
162,7.613710165023804,-0.554,-0.160737,0.244212,-0.873097,0.85113,2.2228,0,0,0,0,0,0,11579,11550,11604,11586,11555,11649,11650,11607,11623,11625,10499,11611,11622,11542,11695,11603,0
163,7.661239147186279,-0.553996,-0.161234,0.24425,-0.872994,0.851061,2.2229,0,0,0,0,0,0,11569,11541,11595,11593,11559,11671,11651,11607,11613,11609,10510,11622,11637,11567,11681,11589,0
164,7.708922863006592,-0.553986,-0.161614,0.244202,-0.873017,0.850877,2.2228,0,0,0,0,0,0,11581,11551,11610,11604,11559,11654,11639,11603,11619,11633,10514,11623,11611,11544,11678,11595,0
165,7.755018472671509,-0.55399,-0.162017,0.244197,-0.873024,0.850897,2.2228,0,0,0,0,0,0,11590,11553,11594,11586,11554,11660,11650,11609,11622,11629,10499,11609,11625,11561,11691,11611,0
166,7.802012205123901,-0.553979,-0.162583,0.244206,-0.872962,0.850968,2.2228,0,0,0,0,0,0,11581,11540,11601,11603,11564,11666,11656,11600,11616,11625,10515,11627,11638,11570,11690,11591,0
167,7.8487629890441895,-0.553973,-0.163053,0.244207,-0.872996,0.851058,2.2229,0,0,0,0,0,0,11590,11559,11612,11606,11563,11658,11641,11607,11626,11637,10517,11625,11621,11554,11670,11606,0
168,7.895975828170776,-0.553976,-0.163513,0.244234,-0.872869,0.850993,2.2228,0,0,0,0,0,0,11594,11559,11598,11596,11561,11665,11656,11615,11628,11622,10504,11611,11634,11553,11701,11607,0
169,7.943507671356201,-0.553982,-0.164012,0.244219,-0.872965,0.85107,2.222,0,0,0,0,0,0,11571,11538,11605,11604,11563,11666,11646,11598,11612,11615,10515,11623,11641,11550,11669,11590,0
170,7.989867687225342,-0.553996,-0.164407,0.24424,-0.872884,0.851166,2.2228,0,0,0,0,0,0,11589,11551,11612,11605,11556,11654,11642,11605,11628,11638,10517,11624,11625,11548,11691,11604,0
171,8.036855220794678,-0.554002,-0.164793,0.244235,-0.872891,0.851211,2.2228,0,0,0,0,0,0,11589,11553,11596,11593,11569,11672,11658,11615,11624,11623,10506,11617,11640,11568,11691,11604,0
172,8.083853721618652,-0.553996,-0.165334,0.244264,-0.872889,0.851409,2.22,0,0,0,0,0,0,11582,11544,11613,11608,11574,11669,11646,11604,11616,11637,10511,11627,11646,11563,11680,11595,0
173,8.130835056304932,-0.553981,-0.165856,0.244231,-0.872888,0.851146,2.222,0,0,0,0,0,0,11589,11566,11616,11599,11564,11655,11651,11617,11631,11643,10526,11619,11632,11553,11697,11609,0
174,8.17772102355957,-0.553997,-0.166334,0.244258,-0.872966,0.851088,2.2228,0,0,0,0,0,0,11580,11557,11602,11601,11564,11671,11661,11620,11619,11629,10511,11626,11640,11564,11691,11607,0
175,8.224797487258911,-0.55395,-0.166853,0.244249,-0.872835,0.851008,2.2229,0,0,0,0,0,0,11580,11556,11614,11611,11567,11668,11645,11608,11623,11638,10525,11631,11639,11553,11687,11597,0
176,8.271661281585693,-0.553968,-0.167232,0.244243,-0.87288,0.851033,2.222,0,0,0,0,0,0,11582,11569,11613,11600,11567,11659,11657,11619,11637,11641,10515,11615,11623,11556,11689,11608,0
177,8.318559646606445,-0.553993,-0.167787,0.244224,-0.873099,0.851154,2.22,0,0,0,0,0,0,11581,11552,11602,11608,11574,11671,11660,11615,11619,11620,10511,11630,11648,11554,11702,11593,0
178,8.365612983703613,-0.553953,-0.168265,0.244251,-0.872821,0.851182,2.223,0,0,0,0,0,0,11580,11561,11613,11606,11566,11658,11645,11601,11628,11638,10527,11622,11629,11548,11677,11593,0
179,8.414504289627075,-0.553965,-0.168625,0.244222,-0.872831,0.851111,2.2229,0,0,0,0,0,0,11580,11559,11600,11591,11559,11658,11652,11630,11616,11636,10511,11618,11626,11566,11698,11604,0
180,8.461378335952759,-0.554002,-0.169105,0.244201,-0.87306,0.85119,2.2229,0,0,0,0,0,0,11576,11558,11598,11601,11564,11676,11658,11613,11611,11614,10518,11624,11642,11569,11692,11592,0
181,8.506273984909058,-0.553984,-0.169619,0.24423,-0.872986,0.85121,2.2229,0,0,0,0,0,0,11585,11560,11615,11606,11557,11655,11643,11605,11627,11637,10523,11629,11630,11547,11678,11604,0
182,8.5535569190979,-0.554008,-0.170043,0.2442,-0.87305,0.851152,2.223,0,0,0,0,0,0,11593,11565,11601,11594,11563,11670,11661,11623,11623,11628,10513,11621,11632,11566,11700,11614,0
183,8.600524663925171,-0.554015,-0.170575,0.244189,-0.873092,0.851007,2.2228,0,0,0,0,0,0,11578,11552,11613,11610,11577,11674,11657,11610,11623,11630,10529,11636,11641,11567,11686,11595,0
184,8.647464752197266,-0.553972,-0.171066,0.244248,-0.872818,0.851242,2.223,0,0,0,0,0,0,11596,11566,11618,11618,11562,11658,11654,11620,11632,11644,10530,11624,11627,11551,11689,11614,0
185,8.694446325302124,-0.553997,-0.171527,0.244242,-0.872906,0.851268,2.22,0,0,0,0,0,0,11595,11554,11603,11603,11568,11674,11661,11624,11638,11632,10513,11621,11645,11566,11702,11611,0
186,8.742474555969238,-0.553998,-0.171855,0.2442,-0.873011,0.851174,2.22,0,0,0,0,0,0,11587,11547,11617,11610,11581,11674,11648,11607,11623,11637,10526,11632,11641,11560,11677,11597,0
187,8.789353847503662,-0.554,-0.172405,0.244164,-0.873078,0.850959,2.2228,0,0,0,0,0,0,11586,11567,11621,11604,11561,11663,11660,11622,11632,11642,10530,11611,11627,11561,11710,11611,0
188,8.836224555969238,-0.554009,-0.172791,0.244204,-0.873026,0.851153,2.222,0,0,0,0,0,0,11591,11552,11602,11589,11569,11681,11661,11622,11623,11630,10514,11624,11640,11566,11697,11611,0
189,8.88210916519165,-0.553997,-0.173352,0.244216,-0.872969,0.851252,2.2229,0,0,0,0,0,0,11582,11558,11619,11612,11579,11670,11651,11613,11624,11642,10525,11634,11638,11562,11695,11603,0
190,8.929866552352905,-0.553965,-0.173815,0.24421,-0.872886,0.8512,2.2229,0,0,0,0,0,0,11597,11565,11618,11605,11563,11663,11660,11634,11640,11648,10522,11622,11637,11568,11703,11615,0
191,8.976692199707031,-0.554004,-0.174276,0.244243,-0.872916,0.851323,2.2228,0,0,0,0,0,0,11587,11560,11608,11609,11579,11681,11668,11634,11626,11632,10522,11635,11640,11571,11709,11612,0
192,9.023610591888428,-0.554011,-0.174744,0.244198,-0.873121,0.851268,2.2228,0,0,0,0,0,0,11592,11563,11624,11617,11583,11666,11648,11613,11631,11642,10528,11636,11641,11559,11690,11607,0
193,9.070500612258911,-0.554015,-0.175208,0.244211,-0.873158,0.851303,2.2229,0,0,0,0,0,0,11601,11569,11616,11604,11565,11668,11670,11624,11641,11648,10518,11623,11639,11567,11707,11618,0
194,9.117231845855713,-0.553991,-0.17563,0.244214,-0.873012,0.851199,2.2229,0,0,0,0,0,0,11585,11554,11608,11614,11576,11681,11671,11609,11623,11633,10523,11637,11640,11569,11704,11604,0
195,9.166055679321289,-0.553997,-0.176183,0.244191,-0.873231,0.851168,2.2229,0,0,0,0,0,0,11581,11565,11624,11626,11578,11663,11648,11625,11634,11646,10529,11634,11636,11550,11691,11612,0
196,9.212929248809814,-0.55397,-0.17666,0.244228,-0.872921,0.851609,2.223,0,0,0,0,0,0,11595,11570,11605,11617,11565,11670,11660,11631,11637,11640,10514,11621,11639,11564,11672,11611,0
197,9.258808851242065,-0.554005,-0.177151,0.244209,-0.873128,0.851283,2.2229,0,0,0,0,0,0,11571,11552,11616,11627,11579,11678,11660,11608,11621,11632,10530,11634,11635,11563,11665,11598,0
198,9.305146932601929,-0.553981,-0.177579,0.244233,-0.872914,0.851528,2.222,0,0,0,0,0,0,11595,11566,11618,11624,11563,11660,11644,11626,11636,11643,10528,11631,11632,11557,11659,11605,0
199,9.352139949798584,-0.553975,-0.177981,0.244241,-0.872863,0.851445,2.2228,0,0,0,0,0,0,11585,11562,11605,11612,11563,11674,11662,11629,11639,11630,10515,11624,11640,11570,11680,11615,0
200,9.398813486099243,-0.553965,-0.178514,0.244269,-0.872762,0.851558,2.2229,0,0,0,0,0,0,11581,11558,11620,11624,11574,11676,11647,11612,11620,11638,10531,11634,11642,11568,11669,11600,0
201,9.446056604385376,-0.554001,-0.179032,0.244245,-0.872936,0.851212,2.2229,0,0,0,0,0,0,11594,11569,11625,11625,11564,11664,11653,11633,11641,11647,10531,11624,11635,11550,11676,11613,0
202,9.492918491363525,-0.553997,-0.179462,0.244254,-0.873027,0.851112,2.2229,0,0,0,0,0,0,11597,11554,11608,11612,11565,11675,11663,11639,11634,11632,10516,11633,11641,11570,11688,11614,0
203,9.540000438690186,-0.553962,-0.179901,0.244268,-0.872778,0.851306,2.2229,0,0,0,0,0,0,11582,11557,11624,11629,11575,11678,11650,11607,11624,11643,10531,11640,11643,11559,11667,11597,0
204,9.58696985244751,-0.554013,-0.180368,0.244212,-0.873144,0.851072,2.2228,0,0,0,0,0,0,11600,11564,11625,11607,11559,11662,11656,11626,11638,11647,10530,11623,11631,11563,11690,11613,0
205,9.634398698806763,-0.553997,-0.180814,0.244212,-0.873185,0.851187,2.2229,0,0,0,0,0,0,11593,11551,11611,11607,11572,11676,11663,11623,11624,11629,10520,11629,11642,11572,11686,11605,0
206,9.682270526885986,-0.553979,-0.181407,0.244216,-0.873055,0.851089,2.223,0,0,0,0,0,0,11591,11562,11618,11622,11582,11666,11651,11619,11627,11645,10537,11635,11642,11556,11668,11604,0
207,9.729145050048828,-0.553979,-0.181865,0.244262,-0.872837,0.851289,2.2229,0,0,0,0,0,0,11598,11567,11623,11608,11566,11662,11657,11632,11640,11644,10522,11620,11636,11555,11684,11613,0
208,9.775022745132446,-0.554,-0.182327,0.244256,-0.872957,0.851355,2.2229,0,0,0,0,0,0,11585,11554,11608,11608,11580,11678,11663,11623,11623,11631,10516,11628,11645,11565,11685,11596,0
209,9.821847200393677,-0.553992,-0.182779,0.244205,-0.872867,0.851162,2.2228,0,0,0,0,0,0,11587,11562,11619,11618,11572,11660,11648,11611,11631,11644,10534,11634,11638,11560,11677,11602,0
210,9.868485927581787,-0.553987,-0.183198,0.244211,-0.872881,0.851282,2.2229,0,0,0,0,0,0,11598,11568,11608,11611,11565,11680,11665,11632,11638,11647,10523,11623,11645,11561,11692,11611,0
211,9.915810108184814,-0.55397,-0.183612,0.24424,-0.872783,0.851276,2.223,0,0,0,0,0,0,11588,11553,11614,11619,11577,11681,11667,11609,11622,11629,10530,11646,11636,11571,11692,11603,0
212,9.96275544166565,-0.553988,-0.184125,0.24425,-0.872771,0.851389,2.2228,0,0,0,0,0,0,11596,11569,11628,11626,11565,11671,11650,11617,11634,11650,10537,11628,11645,11563,11681,11609,0
213,10.009718894958496,-0.553996,-0.184635,0.244228,-0.873005,0.851269,2.22,0,0,0,0,0,0,11602,11563,11612,11598,11568,11673,11670,11634,11642,11635,10520,11622,11637,11565,11697,11617,0
214,10.056694030761719,-0.553967,-0.185136,0.244209,-0.872884,0.851401,2.223,0,0,0,0,0,0,11582,11553,11609,11622,11579,11687,11661,11609,11623,11637,10536,11637,11651,11571,11683,11604,0
215,10.103665113449097,-0.553965,-0.185599,0.244158,-0.872885,0.850936,2.2229,0,0,0,0,0,0,11601,11567,11624,11619,11569,11662,11655,11620,11637,11648,10541,11631,11639,11555,11696,11610,0
216,10.151637077331543,-0.553965,-0.18601,0.244211,-0.872814,0.851304,2.223,0,0,0,0,0,0,11605,11554,11608,11611,11570,11680,11670,11627,11635,11630,10523,11623,11646,11569,11696,11614,0
217,10.198619365692139,-0.553975,-0.186548,0.244174,-0.87282,0.851347,2.2229,0,0,0,0,0,0,11590,11552,11620,11620,11583,11682,11660,11611,11624,11646,10539,11638,11638,11565,11686,11606,0
218,10.245567798614502,-0.554031,-0.187089,0.244173,-0.873208,0.851261,2.223,0,0,0,0,0,0,11601,11564,11626,11609,11561,11664,11651,11620,11641,11648,10537,11624,11638,11553,11691,11613,0
219,10.292917013168335,-0.553985,-0.187527,0.244226,-0.872927,0.851457,2.2229,0,0,0,0,0,0,11602,11552,11610,11608,11577,11679,11672,11625,11624,11630,10525,11633,11637,11570,11704,11612,0
220,10.339790105819702,-0.553994,-0.18795,0.244214,-0.872982,0.851441,2.22,0,0,0,0,0,0,11594,11561,11620,11622,11582,11674,11643,11609,11625,11637,10538,11637,11648,11557,11681,11599,0
221,10.387662410736084,-0.554004,-0.188428,0.244235,-0.873006,0.851241,2.2229,0,0,0,0,0,0,11599,11564,11622,11603,11563,11669,11661,11638,11635,11647,10535,11621,11626,11571,11697,11615,0
222,10.434536695480347,-0.55401,-0.188856,0.24422,-0.873095,0.851152,2.22,0,0,0,0,0,0,11585,11560,11607,11605,11578,11673,11666,11636,11622,11626,10527,11636,11649,11563,11699,11598,0
223,10.480435132980347,-0.553978,-0.18938,0.244228,-0.872889,0.851189,2.2229,0,0,0,0,0,0,11591,11570,11621,11621,11579,11664,11655,11611,11636,11645,10547,11640,11634,11568,11692,11607,0
224,10.527642726898193,-0.554006,-0.189838,0.244201,-0.873036,0.851156,2.2228,0,0,0,0,0,0,11602,11571,11610,11602,11567,11669,11668,11624,11641,11646,10531,11622,11638,11569,11697,11609,0
225,10.575422763824463,-0.55397,-0.190318,0.244223,-0.872846,0.851205,2.2228,0,0,0,0,0,0,11586,11557,11610,11617,11575,11688,11674,11614,11624,11633,10540,11634,11644,11565,11697,11603,0
226,10.621332168579102,-0.553977,-0.190761,0.244219,-0.873012,0.85115,2.22,0,0,0,0,0,0,11597,11566,11624,11618,11571,11667,11652,11613,11637,11649,10542,11635,11647,11552,11693,11612,0
227,10.668322324752808,-0.554011,-0.191194,0.244183,-0.873163,0.851312,2.2229,0,0,0,0,0,0,11602,11572,11608,11603,11560,11672,11654,11619,11640,11636,10525,11623,11641,11562,11695,11613,0
228,10.715332984924316,-0.554025,-0.19161,0.244162,-0.873282,0.850971,2.2228,0,0,0,0,0,0,11579,11555,11618,11610,11570,11681,11659,11608,11620,11631,10542,11634,11649,11570,11692,11596,0
229,10.762302160263062,-0.554022,-0.192191,0.244183,-0.873248,0.851051,2.2228,0,0,0,0,0,0,11595,11566,11620,11612,11563,11662,11652,11620,11632,11647,10540,11630,11627,11556,11688,11611,0
230,10.809181451797485,-0.553977,-0.192678,0.244162,-0.873049,0.851021,2.2228,0,0,0,0,0,0,11597,11559,11608,11595,11569,11679,11668,11637,11641,11636,10528,11625,11643,11562,11701,11613,0
231,10.856239557266235,-0.553983,-0.19314,0.244221,-0.872887,0.85128,2.223,0,0,0,0,0,0,11577,11561,11621,11610,11588,11680,11653,11614,11627,11644,10530,11641,11646,11568,11690,11603,0
232,10.903193712234497,-0.554017,-0.193591,0.244232,-0.873011,0.851369,2.2229,0,0,0,0,0,0,11587,11571,11620,11609,11566,11664,11658,11635,11632,11648,10545,11626,11647,11565,11696,11607,0
233,10.950152397155762,-0.554023,-0.19402,0.244219,-0.873053,0.85131,2.2229,0,0,0,0,0,0,11599,11560,11609,11592,11579,11677,11673,11638,11618,11631,10531,11632,11645,11569,11707,11615,0
234,10.997145652770996,-0.554016,-0.194384,0.244214,-0.873057,0.851298,2.222,0,0,0,0,0,0,11585,11568,11621,11608,11579,11677,11655,11614,11628,11644,10545,11640,11640,11563,11685,11603,0
235,11.044119834899902,-0.553971,-0.194977,0.244222,-0.872876,0.851285,2.2229,0,0,0,0,0,0,11595,11571,11626,11606,11564,11667,11668,11631,11640,11646,10535,11623,11639,11562,11709,11608,0
236,11.093005418777466,-0.553978,-0.195427,0.244216,-0.872936,0.851441,2.2229,0,0,0,0,0,0,11585,11557,11607,11611,11579,11674,11670,11635,11627,11633,10535,11637,11638,11563,11696,11604,0
237,11.138853549957275,-0.553967,-0.195874,0.244245,-0.872695,0.851407,2.222,0,0,0,0,0,0,11585,11571,11617,11614,11576,11665,11648,11606,11630,11645,10538,11633,11643,11552,11691,11598,0
238,11.18676233291626,-0.554016,-0.196396,0.24422,-0.873082,0.851368,2.2229,0,0,0,0,0,0,11600,11566,11610,11589,11566,11667,11661,11627,11635,11634,10532,11620,11628,11569,11692,11613,0
239,11.231579065322876,-0.553999,-0.196811,0.244219,-0.873133,0.851196,2.222,0,0,0,0,0,0,11583,11556,11612,11619,11578,11682,11667,11621,11626,11636,10538,11638,11649,11568,11703,11601,0
240,11.278995037078857,-0.553993,-0.197356,0.244244,-0.872991,0.851362,2.223,0,0,0,0,0,0,11596,11574,11618,11618,11581,11665,11652,11620,11641,11635,10544,11638,11638,11565,11686,11616,0
241,11.326984405517578,-0.553995,-0.197862,0.244216,-0.873058,0.851411,2.223,0,0,0,0,0,0,11602,11564,11614,11609,11568,11682,11669,11624,11643,11641,10534,11629,11652,11563,11699,11615,0
242,11.372873783111572,-0.554011,-0.198237,0.244251,-0.872966,0.851438,2.223,0,0,0,0,0,0,11589,11558,11620,11616,11576,11685,11667,11610,11628,11636,10547,11639,11641,11571,11688,11601,0
243,11.419986724853516,-0.553979,-0.198739,0.244262,-0.87292,0.851283,2.223,0,0,0,0,0,0,11600,11570,11615,11620,11560,11664,11657,11625,11638,11645,10542,11635,11638,11565,11689,11612,0
244,11.466920614242554,-0.554029,-0.199216,0.244205,-0.873202,0.851172,2.2229,0,0,0,0,0,0,11602,11562,11610,11608,11567,11685,11669,11632,11642,11637,10533,11626,11636,11573,11690,11617,0
245,11.513873815536499,-0.554035,-0.199615,0.244274,-0.873189,0.851292,2.22,0,0,0,0,0,0,11579,11557,11623,11620,11579,11686,11651,11621,11627,11645,10543,11634,11654,11570,11694,11600,0
246,11.560741662979126,-0.554023,-0.200183,0.244255,-0.873111,0.85117,2.2228,0,0,0,0,0,0,11601,11569,11628,11614,11568,11671,11656,11631,11642,11648,10550,11626,11631,11562,11700,11617,0
247,11.608434677124023,-0.553962,-0.200644,0.244283,-0.872799,0.851404,2.223,0,0,0,0,0,0,11599,11557,11608,11606,11581,11680,11667,11626,11636,11637,10535,11633,11651,11572,11703,11613,0
248,11.655560731887817,-0.553949,-0.201096,0.244297,-0.872631,0.851396,2.223,0,0,0,0,0,0,11584,11564,11623,11618,11591,11680,11653,11614,11626,11649,10550,11637,11646,11565,11689,11603,0
249,11.701833009719849,-0.553997,-0.201587,0.244284,-0.872892,0.851414,2.2229,0,0,0,0,0,0,11603,11566,11629,11609,11560,11666,11668,11640,11635,11651,10541,11626,11647,11569,11697,11617,0
250,11.748749256134033,-0.553991,-0.201996,0.244231,-0.872994,0.851342,2.223,0,0,0,0,0,0,11590,11549,11611,11605,11582,11689,11671,11641,11623,11635,10534,11638,11642,11571,11708,11609,0
251,11.795636892318726,-0.55402,-0.202388,0.244229,-0.873134,0.851415,2.223,0,0,0,0,0,0,11590,11570,11629,11617,11592,11669,11659,11622,11637,11648,10545,11641,11653,11556,11684,11602,0
252,11.84267520904541,-0.554017,-0.202941,0.24423,-0.873123,0.851136,2.2228,0,0,0,0,0,0,11601,11570,11625,11607,11563,11670,11664,11634,11642,11651,10535,11627,11640,11570,11703,11618,0
253,11.891449928283691,-0.553968,-0.20343,0.244247,-0.8728,0.851275,2.2229,0,0,0,0,0,0,11575,11559,11618,11620,11583,11675,11669,11619,11626,11638,10535,11639,11654,11561,11706,11602,0
254,11.936331987380981,-0.554005,-0.203919,0.24423,-0.87294,0.851505,2.22,0,0,0,0,0,0,11587,11569,11629,11617,11584,11667,11655,11626,11639,11649,10538,11639,11638,11559,11681,11610,0
255,11.98320460319519,-0.553979,-0.204383,0.244223,-0.872788,0.851442,2.2229,0,0,0,0,0,0,11599,11572,11608,11603,11572,11678,11673,11636,11641,11643,10533,11627,11636,11574,11704,11612,0
256,12.03011178970337,-0.553973,-0.204789,0.244251,-0.872832,0.851352,2.2229,0,0,0,0,0,0,11583,11552,11616,11623,11584,11677,11668,11618,11622,11636,10539,11637,11648,11565,11687,11600,0
257,12.078486442565918,-0.553961,-0.205339,0.244202,-0.872846,0.851408,2.2229,0,0,0,0,0,0,11606,11566,11622,11622,11564,11663,11655,11619,11641,11650,10543,11638,11643,11569,11694,11617,0
258,12.12548041343689,-0.553997,-0.205853,0.244203,-0.872999,0.851208,2.2229,0,0,0,0,0,0,11601,11566,11613,11603,11566,11687,11676,11623,11644,11637,10530,11631,11650,11575,11703,11613,0
259,12.172547817230225,-0.553999,-0.206235,0.244233,-0.872979,0.851392,2.223,0,0,0,0,0,0,11593,11554,11628,11617,11589,11688,11666,11614,11628,11641,10544,11642,11639,11575,11695,11610,0
260,12.21951413154602,-0.553974,-0.206669,0.244214,-0.872789,0.851481,2.2229,0,0,0,0,0,0,11605,11570,11627,11652,11571,11670,11653,11632,11641,11651,10552,11630,11651,11555,11665,11616,0
261,12.266497373580933,-0.554002,-0.207176,0.244199,-0.872999,0.851117,2.2228,0,0,0,0,0,0,11606,11558,11619,11618,11575,11687,11671,11616,11639,11635,10536,11633,11650,11574,11682,11616,0
262,12.313470125198364,-0.554002,-0.207604,0.244192,-0.873063,0.851028,2.2229,0,0,0,0,0,0,11591,11561,11629,11632,11587,11691,11655,11617,11627,11649,10549,11641,11643,11565,11662,11599,0
263,12.360453844070435,-0.553992,-0.20816,0.244197,-0.872959,0.85108,2.2229,0,0,0,0,0,0,11601,11575,11618,11616,11574,11678,11661,11631,11646,11644,10547,11629,11637,11567,11686,11616,0
264,12.408417463302612,-0.553973,-0.208659,0.244193,-0.872953,0.851209,2.223,0,0,0,0,0,0,11599,11556,11612,11623,11583,11678,11674,11632,11628,11636,10540,11638,11654,11576,11681,11608,0
265,12.454352617263794,-0.554013,-0.209141,0.244219,-0.873019,0.851234,2.2229,0,0,0,0,0,0,11592,11566,11625,11629,11582,11678,11654,11615,11632,11647,10552,11641,11650,11570,11667,11605,0
266,12.50132441520691,-0.553992,-0.209601,0.244197,-0.872892,0.851431,2.22,0,0,0,0,0,0,11606,11568,11628,11614,11562,11669,11668,11627,11645,11645,10543,11625,11645,11570,11689,11615,0
267,12.548208236694336,-0.553974,-0.210021,0.244191,-0.872896,0.851383,2.2229,0,0,0,0,0,0,11594,11558,11610,11627,11590,11691,11661,11624,11628,11635,10544,11636,11649,11574,11682,11604,0
268,12.59525203704834,-0.553967,-0.210419,0.244209,-0.872838,0.851314,2.2229,0,0,0,0,0,0,11592,11579,11625,11625,11578,11668,11652,11614,11640,11650,10555,11638,11640,11555,11683,11612,0
269,12.642230987548828,-0.553992,-0.210961,0.244224,-0.872932,0.8514,2.22,0,0,0,0,0,0,11605,11567,11615,11615,11571,11680,11673,11630,11643,11647,10540,11625,11641,11571,11688,11617,0
270,12.688892841339111,-0.554012,-0.211477,0.24425,-0.873107,0.851187,2.2229,0,0,0,0,0,0,11596,11560,11615,11624,11591,11689,11667,11621,11629,11638,10552,11641,11648,11574,11688,11604,0
271,12.736752033233643,-0.553976,-0.211896,0.244245,-0.872747,0.851471,2.222,0,0,0,0,0,0,11599,11576,11624,11625,11576,11667,11655,11621,11640,11651,10554,11635,11637,11568,11688,11615,0
272,12.783584594726562,-0.553999,-0.21242,0.244229,-0.873028,0.851164,2.223,0,0,0,0,0,0,11600,11572,11613,11614,11571,11681,11675,11638,11637,11640,10538,11630,11645,11573,11688,11619,0
273,12.830524921417236,-0.553986,-0.212821,0.244184,-0.873095,0.85111,2.223,0,0,0,0,0,0,11586,11562,11624,11627,11585,11689,11664,11616,11628,11641,10549,11643,11652,11567,11688,11603,0
274,12.877265453338623,-0.553986,-0.213393,0.244197,-0.873094,0.851126,2.223,0,0,0,0,0,0,11600,11574,11624,11618,11570,11670,11655,11629,11644,11648,10555,11632,11634,11562,11678,11614,0
275,12.925134420394897,-0.554011,-0.213807,0.244176,-0.87319,0.851079,2.22,0,0,0,0,0,0,11605,11571,11612,11610,11578,11684,11672,11638,11638,11635,10547,11628,11643,11574,11699,11616,0
276,12.971012592315674,-0.553977,-0.214243,0.244243,-0.872848,0.8515,2.223,0,0,0,0,0,0,11584,11562,11621,11624,11591,11678,11652,11613,11627,11646,10554,11639,11650,11565,11683,11605,0
277,13.01888394355774,-0.55401,-0.214753,0.244234,-0.873038,0.851382,2.223,0,0,0,0,0,0,11604,11575,11624,11612,11565,11667,11658,11637,11638,11648,10550,11631,11632,11556,11695,11617,0
278,13.065067291259766,-0.553959,-0.215191,0.244248,-0.87271,0.851617,2.223,0,0,0,0,0,0,11597,11563,11610,11611,11581,11688,11680,11621,11631,11637,10541,11634,11651,11576,11700,11609,0
279,13.11207365989685,-0.553961,-0.215615,0.244239,-0.872788,0.851655,2.2231,0,0,0,0,0,0,11589,11575,11624,11620,11587,11674,11660,11613,11631,11645,10557,11642,11648,11566,11684,11605,0
280,13.158992767333984,-0.553972,-0.216161,0.244218,-0.872867,0.851476,2.223,0,0,0,0,0,0,11607,11567,11621,11609,11562,11678,11671,11631,11646,11642,10548,11625,11646,11564,11704,11617,0
281,13.205909013748169,-0.554011,-0.216637,0.244224,-0.873011,0.851351,2.223,0,0,0,0,0,0,11585,11561,11614,11619,11585,11686,11671,11630,11631,11634,10546,11640,11649,11571,11696,11605,0
282,13.25292420387268,-0.554028,-0.217057,0.244198,-0.873203,0.851255,2.2229,0,0,0,0,0,0,11591,11577,11627,11619,11586,11668,11653,11617,11640,11648,10557,11641,11640,11561,11699,11609,0
283,13.299929141998291,-0.553986,-0.217486,0.244234,-0.872842,0.851342,2.2228,0,0,0,0,0,0,11602,11582,11618,11608,11563,11674,11673,11627,11645,11646,10548,11627,11640,11574,11700,11616,0
284,13.34691071510315,-0.553984,-0.218012,0.244264,-0.872998,0.851239,2.223,0,0,0,0,0,0,11591,11555,11615,11617,11587,11686,11678,11615,11630,11628,10552,11639,11650,11577,11710,11606,0
285,13.393892288208008,-0.553978,-0.218418,0.244242,-0.873038,0.85124,2.223,0,0,0,0,0,0,11603,11585,11631,11621,11563,11664,11656,11619,11639,11644,10555,11640,11646,11554,11688,11611,0
286,13.440891742706299,-0.553964,-0.218949,0.24425,-0.872879,0.851289,2.2229,0,0,0,0,0,0,11598,11584,11613,11603,11568,11680,11675,11631,11640,11641,10545,11627,11643,11575,11712,11618,0
287,13.488608360290527,-0.554013,-0.219426,0.244224,-0.873069,0.851425,2.2229,0,0,0,0,0,0,11583,11557,11618,11614,11579,11685,11666,11615,11624,11635,10558,11639,11650,11572,11689,11602,0
288,13.534851551055908,-0.553985,-0.219912,0.244247,-0.872834,0.851596,2.22,0,0,0,0,0,0,11598,11573,11627,11615,11573,11673,11653,11624,11638,11649,10559,11632,11632,11566,11705,11619,0
289,13.58183765411377,-0.554,-0.220404,0.244217,-0.87306,0.851091,2.2228,0,0,0,0,0,0,11605,11567,11614,11608,11569,11683,11674,11630,11646,11639,10551,11630,11645,11574,11705,11622,0
290,13.628673076629639,-0.553993,-0.220816,0.244253,-0.872976,0.851175,2.222,0,0,0,0,0,0,11587,11560,11626,11619,11586,11691,11651,11619,11634,11650,10561,11643,11654,11572,11704,11609,0
291,13.676637649536133,-0.553992,-0.22123,0.244242,-0.87305,0.851159,2.2229,0,0,0,0,0,0,11598,11577,11630,11608,11564,11670,11662,11627,11643,11650,10568,11633,11637,11563,11698,11620,0
292,13.723668575286865,-0.554001,-0.221751,0.244234,-0.872917,0.851197,2.2228,0,0,0,0,0,0,11605,11563,11615,11608,11585,11690,11678,11630,11634,11639,10553,11635,11649,11571,11716,11619,0
293,13.770234107971191,-0.554011,-0.222263,0.244211,-0.87312,0.851279,2.223,0,0,0,0,0,0,11582,11566,11626,11618,11586,11685,11660,11617,11628,11647,10560,11638,11647,11560,11685,11604,0
294,13.816628694534302,-0.553967,-0.222722,0.2442,-0.872865,0.851197,2.2229,0,0,0,0,0,0,11603,11576,11633,11601,11572,11669,11665,11642,11644,11650,10557,11633,11639,11566,11714,11618,0
295,13.863596200942993,-0.553999,-0.223182,0.244208,-0.873003,0.8512,2.222,0,0,0,0,0,0,11597,11559,11613,11611,11587,11692,11679,11643,11631,11640,10554,11641,11648,11569,11705,11608,0
296,13.91050934791565,-0.553989,-0.223583,0.244189,-0.87308,0.85113,2.2228,0,0,0,0,0,0,11587,11568,11625,11620,11583,11672,11654,11618,11634,11644,10559,11638,11647,11563,11693,11605,0
297,13.957855939865112,-0.553984,-0.224137,0.24421,-0.872897,0.851391,2.2228,0,0,0,0,0,0,11606,11565,11622,11607,11570,11679,11675,11634,11644,11651,10553,11628,11635,11566,11709,11623,0
298,14.003732681274414,-0.554034,-0.22463,0.244202,-0.87316,0.851426,2.2229,0,0,0,0,0,0,11593,11558,11616,11620,11590,11683,11670,11634,11629,11639,10553,11640,11650,11571,11708,11608,0
299,14.051604270935059,-0.554005,-0.225091,0.24423,-0.873091,0.851289,2.223,0,0,0,0,0,0,11601,11573,11627,11620,11590,11668,11657,11629,11644,11648,10561,11642,11635,11568,11695,11617,0
300,14.0984787940979,-0.553983,-0.225557,0.244216,-0.872918,0.851229,2.2229,0,0,0,0,0,0,11604,11581,11616,11609,11572,11684,11676,11636,11648,11645,10554,11634,11648,11576,11708,11619,0
301,14.145489931106567,-0.554013,-0.226017,0.244185,-0.873176,0.851058,2.2228,0,0,0,0,0,0,11595,11558,11621,11621,11588,11692,11682,11628,11631,11639,10564,11642,11649,11576,11699,11610,0
302,14.191974401473999,-0.554024,-0.226391,0.244216,-0.873072,0.851165,2.2228,0,0,0,0,0,0,11604,11574,11630,11625,11574,11658,11657,11639,11644,11653,10565,11642,11646,11564,11701,11618,0
303,14.239375591278076,-0.553996,-0.226939,0.244211,-0.872869,0.851198,2.222,0,0,0,0,0,0,11607,11568,11616,11608,11567,11688,11681,11642,11647,11644,10558,11628,11636,11577,11709,11622,0
304,14.287071228027344,-0.554009,-0.227445,0.244214,-0.873016,0.851419,2.2229,0,0,0,0,0,0,11592,11560,11630,11623,11590,11691,11667,11618,11628,11643,10561,11642,11656,11579,11696,11606,0
305,14.332950353622437,-0.554012,-0.227819,0.244217,-0.873069,0.851377,2.2229,0,0,0,0,0,0,11605,11574,11630,11619,11566,11679,11659,11634,11644,11650,10565,11636,11643,11569,11702,11620,0
306,14.38181734085083,-0.553959,-0.228295,0.244236,-0.872794,0.851161,2.2228,0,0,0,0,0,0,11603,11564,11616,11607,11587,11689,11677,11630,11638,11637,10552,11634,11653,11574,11704,11617,0
307,14.42869234085083,-0.554008,-0.228787,0.244252,-0.872991,0.851225,2.2228,0,0,0,0,0,0,11599,11562,11625,11622,11587,11692,11662,11618,11629,11649,10567,11643,11648,11560,11697,11612,0
308,14.474106073379517,-0.554012,-0.229207,0.244239,-0.873003,0.851222,2.2229,0,0,0,0,0,0,11603,11583,11628,11611,11568,11669,11669,11645,11642,11652,10568,11637,11637,11566,11700,11618,0
309,14.521249294281006,-0.554001,-0.229744,0.244238,-0.872795,0.851388,2.2228,0,0,0,0,0,0,11602,11560,11616,11611,11586,11688,11680,11633,11631,11638,10553,11641,11652,11579,11713,11615,0
310,14.568226099014282,-0.554039,-0.230235,0.244195,-0.873078,0.851316,2.2229,0,0,0,0,0,0,11594,11570,11628,11620,11588,11681,11664,11634,11638,11644,10580,11643,11655,11561,11691,11608,0
311,14.615180253982544,-0.553992,-0.230755,0.244154,-0.873008,0.851337,2.223,0,0,0,0,0,0,11607,11574,11628,11608,11576,11672,11678,11635,11644,11652,10568,11630,11642,11572,11713,11618,0
312,14.662179946899414,-0.553989,-0.231184,0.244226,-0.872918,0.851495,2.2229,0,0,0,0,0,0,11596,11558,11616,11622,11586,11692,11678,11633,11631,11633,10568,11643,11651,11580,11705,11607,0
313,14.709947109222412,-0.553985,-0.23161,0.244196,-0.872901,0.851326,2.223,0,0,0,0,0,0,11602,11568,11630,11622,11593,11679,11656,11614,11637,11648,10573,11631,11640,11561,11691,11605,0
314,14.756821870803833,-0.553969,-0.232191,0.244212,-0.872903,0.851402,2.223,0,0,0,0,0,0,11602,11570,11610,11604,11569,11676,11673,11633,11642,11644,10563,11629,11639,11564,11701,11617,0
315,14.80469560623169,-0.554013,-0.23265,0.244203,-0.873049,0.851236,2.22,0,0,0,0,0,0,11588,11555,11616,11622,11583,11686,11669,11610,11629,11640,10569,11639,11659,11577,11701,11603,0
316,14.851568222045898,-0.554012,-0.233071,0.244195,-0.873157,0.851166,2.2229,0,0,0,0,0,0,11606,11570,11628,11622,11583,11666,11661,11623,11643,11653,10574,11644,11639,11567,11692,11619,0
317,14.897817850112915,-0.553991,-0.233518,0.244154,-0.873021,0.851211,2.2229,0,0,0,0,0,0,11606,11564,11618,11611,11576,11690,11677,11637,11649,11642,10561,11630,11651,11578,11707,11618,0
318,14.945644617080688,-0.553988,-0.233993,0.244212,-0.872959,0.851084,2.2228,0,0,0,0,0,0,11598,11559,11630,11620,11589,11694,11662,11616,11634,11643,10575,11642,11648,11578,11699,11610,0
319,14.992490291595459,-0.554001,-0.234383,0.244223,-0.872965,0.851226,2.2228,0,0,0,0,0,0,11611,11571,11628,11621,11568,11667,11652,11629,11645,11659,10572,11635,11645,11567,11699,11617,0
320,15.039507865905762,-0.553971,-0.234953,0.244306,-0.872757,0.851283,2.2228,0,0,0,0,0,0,11604,11569,11614,11610,11581,11691,11683,11639,11644,11643,10568,11634,11650,11575,11705,11621,0
321,15.085931539535522,-0.553987,-0.23547,0.244265,-0.873002,0.851354,2.2229,0,0,0,0,0,0,11595,11573,11628,11622,11595,11693,11660,11616,11633,11649,10587,11643,11658,11575,11692,11609,0
322,15.132880449295044,-0.554002,-0.235863,0.244209,-0.873082,0.85127,2.2229,0,0,0,0,0,0,11604,11571,11631,11615,11567,11678,11668,11630,11652,11651,10596,11631,11636,11562,11704,11621,0
323,15.179892778396606,-0.553977,-0.23632,0.244288,-0.872809,0.851287,2.2229,0,0,0,0,0,0,11603,11570,11618,11615,11587,11693,11683,11635,11631,11643,10595,11638,11655,11577,11708,11615,0
324,15.228769540786743,-0.553991,-0.236791,0.24424,-0.872912,0.851338,2.2229,0,0,0,0,0,0,11590,11581,11629,11616,11587,11686,11661,11635,11631,11651,10600,11646,11650,11565,11673,11605,0
325,15.273651838302612,-0.553976,-0.237203,0.244268,-0.872943,0.85164,2.223,0,0,0,0,0,0,11602,11583,11628,11620,11574,11674,11672,11632,11645,11651,10597,11627,11644,11567,11684,11616,0
326,15.322519063949585,-0.553998,-0.237753,0.244196,-0.873126,0.851211,2.2229,0,0,0,0,0,0,11588,11564,11613,11625,11588,11690,11677,11634,11627,11641,10660,11641,11649,11574,11675,11606,0
327,15.367704391479492,-0.55396,-0.238189,0.244238,-0.872804,0.851435,2.222,0,0,0,0,0,0,11586,11583,11628,11629,11596,11672,11655,11623,11642,11653,10674,11650,11650,11565,11673,11605,0
328,15.41469955444336,-0.554018,-0.238687,0.244227,-0.873071,0.851245,2.2228,0,0,0,0,0,0,11599,11583,11621,11618,11577,11678,11677,11636,11646,11651,10657,11631,11647,11572,11673,11617,0
329,15.46169114112854,-0.553974,-0.239203,0.244253,-0.872928,0.851307,2.223,0,0,0,0,0,0,11588,11566,11618,11633,11586,11691,11680,11620,11633,11639,10668,11645,11654,11582,11691,11605,0
330,15.508650064468384,-0.553977,-0.23957,0.244278,-0.872805,0.851565,2.223,0,0,0,0,0,0,11598,11578,11633,11631,11589,11681,11656,11626,11647,11651,10665,11643,11641,11570,11671,11611,0
331,15.555653095245361,-0.553997,-0.239946,0.244231,-0.872889,0.851512,2.2228,0,0,0,0,0,0,11603,11581,11617,11614,11567,11686,11678,11634,11648,11645,10660,11630,11645,11576,11690,11618,0
332,15.602628946304321,-0.553949,-0.240552,0.244269,-0.872686,0.851487,2.2229,0,0,0,0,0,0,11591,11565,11626,11630,11587,11694,11675,11615,11630,11641,10668,11643,11656,11577,11678,11605,0
333,15.6498122215271,-0.554012,-0.241054,0.244261,-0.872972,0.851397,2.2229,0,0,0,0,0,0,11602,11578,11631,11626,11576,11668,11667,11631,11647,11652,10668,11638,11642,11563,11679,11618,0
334,15.696580410003662,-0.553976,-0.241505,0.244255,-0.872778,0.851414,2.222,0,0,0,0,0,0,11601,11575,11614,11614,11574,11685,11678,11637,11644,11642,10650,11632,11654,11577,11694,11618,0
335,15.743574619293213,-0.554001,-0.242039,0.244198,-0.873039,0.851144,2.2229,0,0,0,0,0,0,11590,11568,11628,11627,11588,11686,11660,11613,11633,11650,10666,11645,11650,11574,11679,11607,0
336,15.791419744491577,-0.554022,-0.24244,0.244171,-0.873129,0.85115,2.223,0,0,0,0,0,0,11600,11578,11632,11620,11572,11670,11662,11629,11644,11653,10666,11629,11649,11561,11698,11616,0
337,15.837518692016602,-0.553979,-0.242965,0.244174,-0.873028,0.851179,2.2229,0,0,0,0,0,0,11602,11566,11613,11613,11586,11692,11679,11636,11637,11636,10660,11636,11650,11577,11690,11618,0
338,15.88528323173523,-0.554002,-0.243433,0.244167,-0.873066,0.851156,2.2228,0,0,0,0,0,0,11588,11575,11628,11625,11587,11688,11656,11626,11637,11649,10666,11643,11656,11570,11684,11602,0
339,15.932157516479492,-0.55398,-0.243847,0.244174,-0.872925,0.851372,2.2229,0,0,0,0,0,0,11601,11575,11629,11612,11574,11670,11668,11633,11645,11652,10662,11629,11645,11566,11693,11619,0
340,15.978034973144531,-0.55399,-0.244318,0.244202,-0.872937,0.851263,2.2228,0,0,0,0,0,0,11593,11560,11614,11614,11591,11693,11679,11632,11630,11637,10655,11643,11651,11577,11701,11609,0
341,16.025352716445923,-0.554002,-0.244816,0.244154,-0.873064,0.851328,2.2229,0,0,0,0,0,0,11590,11580,11630,11626,11587,11674,11658,11620,11642,11650,10664,11644,11654,11564,11678,11606,0
342,16.07236075401306,-0.553988,-0.245204,0.244163,-0.872954,0.851338,2.2229,0,0,0,0,0,0,11604,11587,11626,11610,11571,11678,11677,11629,11646,11659,10650,11630,11635,11565,11708,11622,0
343,16.11912775039673,-0.553952,-0.245816,0.244212,-0.872963,0.851463,2.223,0,0,0,0,0,0,11592,11562,11616,11622,11588,11692,11672,11632,11627,11639,10646,11636,11655,11575,11697,11599,0
344,16.166325330734253,-0.55397,-0.246251,0.244266,-0.872825,0.851258,2.2229,0,0,0,0,0,0,11597,11573,11628,11620,11588,11668,11656,11622,11639,11646,10656,11643,11640,11561,11690,11611,0
345,16.213279485702515,-0.553991,-0.246697,0.244197,-0.872913,0.85138,2.2229,0,0,0,0,0,0,11604,11578,11617,11608,11565,11681,11679,11630,11645,11646,10639,11632,11647,11579,11708,11618,0
346,16.260166883468628,-0.553968,-0.247164,0.244217,-0.872836,0.851297,2.2229,0,0,0,0,0,0,11594,11564,11621,11619,11596,11677,11681,11626,11630,11641,10644,11640,11643,11570,11689,11601,0
347,16.30812668800354,-0.553985,-0.247615,0.24418,-0.873045,0.850996,2.2228,0,0,0,0,0,0,11600,11573,11631,11619,11565,11660,11654,11621,11642,11649,10649,11635,11646,11564,11700,11613,0
348,16.35411787033081,-0.554005,-0.247971,0.244196,-0.873034,0.851032,2.222,0,0,0,0,0,0,11608,11576,11616,11608,11570,11688,11680,11645,11645,11643,10635,11632,11652,11575,11699,11619,0
349,16.401199102401733,-0.55398,-0.248576,0.244199,-0.872945,0.851152,2.2229,0,0,0,0,0,0,11592,11565,11625,11619,11588,11692,11669,11627,11623,11645,10644,11643,11653,11577,11697,11611,0
350,16.447827577590942,-0.553988,-0.249067,0.244187,-0.872994,0.851243,2.2229,0,0,0,0,0,0,11611,11576,11633,11616,11574,11669,11660,11636,11649,11651,10646,11636,11642,11566,11704,11617,0
351,16.495111227035522,-0.553982,-0.24951,0.244241,-0.872879,0.851377,2.2228,0,0,0,0,0,0,11605,11564,11616,11607,11579,11683,11681,11637,11638,11638,10630,11634,11648,11577,11709,11622,0
352,16.543110847473145,-0.553977,-0.250014,0.244228,-0.872965,0.851588,2.223,0,0,0,0,0,0,11595,11568,11627,11624,11591,11692,11662,11615,11637,11649,10642,11646,11660,11565,11694,11605,0
353,16.589080572128296,-0.554016,-0.250304,0.24422,-0.873038,0.851231,2.2228,0,0,0,0,0,0,11607,11574,11630,11608,11575,11675,11670,11630,11645,11653,10632,11636,11638,11565,11693,11619,0
354,16.63862109184265,-0.553981,-0.250812,0.244246,-0.872955,0.851278,2.2229,0,0,0,0,0,0,11600,11559,11613,11612,11587,11691,11681,11632,11625,11639,10616,11639,11653,11575,11712,11609,0
355,16.684497833251953,-0.553982,-0.251392,0.244235,-0.872996,0.851463,2.22,0,0,0,0,0,0,11595,11563,11628,11620,11596,11675,11660,11619,11640,11649,10630,11643,11653,11571,11688,11605,0
356,16.729379892349243,-0.553973,-0.251859,0.244247,-0.872907,0.851129,2.2229,0,0,0,0,0,0,11605,11571,11622,11605,11571,11664,11668,11640,11645,11653,10619,11631,11636,11568,11704,11618,0
357,16.776841163635254,-0.553978,-0.252263,0.244216,-0.872908,0.851327,2.2228,0,0,0,0,0,0,11594,11558,11614,11619,11589,11690,11682,11637,11627,11641,10620,11638,11654,11577,11695,11604,0
358,16.823547840118408,-0.553969,-0.252767,0.244256,-0.872824,0.851157,2.2228,0,0,0,0,0,0,11600,11562,11630,11620,11591,11670,11659,11625,11641,11651,10628,11646,11639,11563,11699,11614,0
359,16.870896339416504,-0.553959,-0.253203,0.244261,-0.872866,0.851228,2.2229,0,0,0,0,0,0,11607,11575,11616,11608,11575,11683,11675,11631,11649,11647,10615,11630,11638,11571,11694,11618,0
360,16.918900966644287,-0.553972,-0.25373,0.244275,-0.872814,0.851458,2.2228,0,0,0,0,0,0,11595,11558,11621,11616,11586,11694,11684,11618,11631,11642,10615,11641,11655,11578,11702,11608,0
361,16.965856075286865,-0.554,-0.25424,0.244224,-0.873057,0.851173,2.222,0,0,0,0,0,0,11604,11571,11632,11625,11577,11671,11668,11624,11643,11652,10618,11643,11642,11559,11689,11617,0
362,17.01280951499939,-0.553976,-0.254737,0.244226,-0.872986,0.851381,2.22,0,0,0,0,0,0,11610,11567,11617,11605,11577,11674,11680,11631,11648,11643,10603,11629,11645,11567,11710,11617,0
363,17.05973482131958,-0.553963,-0.255217,0.24426,-0.872874,0.851285,2.223,0,0,0,0,0,0,11590,11560,11630,11622,11591,11693,11675,11618,11631,11642,10609,11644,11656,11579,11691,11605,0
364,17.108124256134033,-0.553988,-0.255593,0.244267,-0.872893,0.851268,2.2228,0,0,0,0,0,0,11602,11575,11631,11619,11576,11678,11663,11637,11645,11655,10604,11635,11637,11568,11704,11616,0
365,17.153833150863647,-0.553999,-0.255987,0.244286,-0.872944,0.851287,2.2228,0,0,0,0,0,0,11611,11559,11616,11609,11592,11685,11683,11632,11641,11644,10585,11636,11651,11577,11696,11619,0
366,17.20071578025818,-0.553953,-0.256572,0.244287,-0.872855,0.851412,2.223,0,0,0,0,0,0,11586,11567,11628,11623,11595,11694,11663,11615,11624,11650,10591,11646,11653,11571,11699,11608,0
367,17.248090267181396,-0.554005,-0.257033,0.244224,-0.873067,0.851218,2.2228,0,0,0,0,0,0,11606,11565,11631,11612,11569,11672,11667,11627,11646,11653,10595,11631,11642,11565,11697,11615,0
368,17.29459023475647,-0.55397,-0.257525,0.244232,-0.872889,0.851502,2.2229,0,0,0,0,0,0,11608,11555,11616,11611,11594,11687,11685,11634,11633,11644,10583,11640,11651,11578,11711,11616,0
369,17.342244386672974,-0.554001,-0.257997,0.244251,-0.87296,0.851411,2.2229,0,0,0,0,0,0,11598,11570,11630,11622,11598,11683,11663,11617,11637,11652,10592,11644,11654,11565,11691,11609,0
370,17.38855504989624,-0.554017,-0.258398,0.244209,-0.873024,0.851319,2.2228,0,0,0,0,0,0,11605,11583,11627,11606,11576,11687,11681,11628,11650,11656,10584,11629,11632,11565,11709,11624,0
371,17.43527102470398,-0.553997,-0.258777,0.244185,-0.872969,0.851315,2.222,0,0,0,0,0,0,11593,11566,11616,11622,11585,11691,11683,11628,11630,11643,10574,11641,11642,11577,11695,11603,0
372,17.482145309448242,-0.553997,-0.259369,0.244201,-0.873082,0.851435,2.2229,0,0,0,0,0,0,11592,11577,11626,11621,11593,11678,11654,11616,11639,11635,10587,11640,11635,11561,11693,11604,0
373,17.529019355773926,-0.554032,-0.259839,0.244234,-0.873203,0.851595,2.223,0,0,0,0,0,0,11599,11571,11614,11603,11569,11683,11674,11626,11642,11646,10570,11629,11634,11570,11702,11620,0
374,17.577887296676636,-0.554008,-0.260306,0.244198,-0.873065,0.851606,2.2229,0,0,0,0,0,0,11589,11554,11619,11620,11581,11692,11681,11631,11628,11641,10585,11640,11655,11576,11697,11603,0
375,17.623343229293823,-0.553995,-0.260783,0.244188,-0.872967,0.851255,2.222,0,0,0,0,0,0,11601,11576,11627,11622,11581,11670,11661,11624,11645,11648,10586,11644,11633,11568,11694,11618,0
376,17.67050552368164,-0.553972,-0.261167,0.244162,-0.872847,0.851336,2.2229,0,0,0,0,0,0,11601,11576,11616,11606,11577,11691,11670,11633,11648,11641,10577,11633,11651,11579,11704,11618,0
377,17.71745800971985,-0.553966,-0.261739,0.244208,-0.872796,0.851583,2.2231,0,0,0,0,0,0,11590,11568,11627,11623,11586,11687,11678,11621,11631,11643,10590,11639,11652,11580,11689,11605,0
378,17.764310121536255,-0.554,-0.26215,0.244187,-0.872943,0.851286,2.2228,0,0,0,0,0,0,11599,11579,11634,11622,11576,11673,11660,11641,11645,11650,10586,11635,11642,11565,11692,11615,0
379,17.811378955841064,-0.553971,-0.262669,0.244168,-0.872998,0.85141,2.223,0,0,0,0,0,0,11608,11563,11617,11608,11585,11691,11678,11629,11647,11643,10577,11632,11650,11567,11708,11620,0
380,17.85805058479309,-0.554015,-0.263123,0.244179,-0.873134,0.851405,2.2229,0,0,0,0,0,0,11587,11566,11632,11623,11589,11693,11658,11620,11632,11649,10586,11641,11653,11576,11689,11606,0
381,17.905323028564453,-0.55397,-0.263595,0.244232,-0.872771,0.851318,2.223,0,0,0,0,0,0,11595,11576,11634,11616,11565,11681,11669,11629,11642,11653,10589,11630,11640,11566,11714,11618,0
382,17.951794862747192,-0.553959,-0.264012,0.24421,-0.87281,0.851349,2.2229,0,0,0,0,0,0,11600,11566,11617,11608,11587,11686,11675,11645,11634,11643,10580,11641,11657,11574,11691,11617,0
383,17.99924325942993,-0.553951,-0.264571,0.244227,-0.872875,0.851553,2.223,0,0,0,0,0,0,11599,11576,11629,11618,11597,11688,11663,11630,11633,11650,10589,11645,11658,11561,11693,11605,0
384,18.047243118286133,-0.553982,-0.265065,0.244212,-0.872917,0.851344,2.223,0,0,0,0,0,0,11602,11589,11633,11609,11575,11674,11680,11630,11642,11653,10581,11631,11639,11570,11697,11618,0
385,18.093196868896484,-0.554019,-0.265514,0.244187,-0.873109,0.8513,2.2229,0,0,0,0,0,0,11594,11562,11619,11617,11591,11683,11682,11630,11631,11642,10580,11644,11656,11575,11716,11608,0
386,18.141040325164795,-0.554017,-0.265918,0.244207,-0.87314,0.851205,2.223,0,0,0,0,0,0,11593,11579,11634,11618,11591,11674,11663,11615,11643,11652,10589,11646,11649,11564,11691,11610,0
387,18.18718147277832,-0.553968,-0.266412,0.244236,-0.872836,0.851427,2.223,0,0,0,0,0,0,11600,11584,11623,11609,11577,11678,11683,11622,11648,11654,10581,11635,11646,11576,11704,11615,0
388,18.234153032302856,-0.554005,-0.266757,0.244235,-0.872927,0.851361,2.2228,0,0,0,0,0,0,11584,11570,11619,11622,11589,11691,11686,11625,11632,11643,10590,11644,11651,11579,11704,11608,0
389,18.28114104270935,-0.553966,-0.267364,0.244248,-0.872795,0.8516,2.22,0,0,0,0,0,0,11604,11577,11628,11625,11585,11675,11662,11630,11643,11653,10585,11645,11640,11564,11693,11619,0
390,18.328087091445923,-0.554002,-0.267827,0.244244,-0.872957,0.851562,2.223,0,0,0,0,0,0,11599,11579,11619,11610,11579,11694,11684,11633,11647,11647,10584,11634,11637,11578,11683,11616,0
391,18.37507152557373,-0.553988,-0.268326,0.244288,-0.872871,0.851547,2.223,0,0,0,0,0,0,11591,11550,11626,11633,11588,11691,11679,11622,11633,11639,10589,11644,11651,11579,11682,11606,0
392,18.42291283607483,-0.553962,-0.268782,0.244277,-0.872765,0.851785,2.223,0,0,0,0,0,0,11602,11563,11624,11628,11565,11667,11657,11630,11644,11647,10588,11636,11636,11557,11668,11614,0
393,18.47078275680542,-0.553975,-0.269168,0.244242,-0.872801,0.851664,2.2229,0,0,0,0,0,0,11595,11565,11614,11615,11567,11687,11673,11628,11645,11642,10575,11632,11652,11577,11688,11615,0
394,18.51566243171692,-0.553971,-0.269583,0.244272,-0.872894,0.851805,2.2231,0,0,0,0,0,0,11591,11563,11629,11628,11584,11694,11664,11627,11637,11650,10586,11644,11647,11576,11667,11603,0
395,18.564532041549683,-0.553964,-0.270164,0.2443,-0.8728,0.851305,2.223,0,0,0,0,0,0,11605,11575,11633,11624,11567,11671,11662,11632,11649,11648,10585,11634,11638,11566,11689,11618,0
396,18.610684633255005,-0.55398,-0.270652,0.244255,-0.872965,0.851508,2.223,0,0,0,0,0,0,11602,11562,11619,11618,11588,11692,11685,11633,11639,11642,10573,11636,11656,11579,11680,11618,0
397,18.657470226287842,-0.553982,-0.271123,0.244214,-0.87291,0.851515,2.223,0,0,0,0,0,0,11589,11571,11633,11629,11584,11675,11659,11632,11634,11653,10584,11642,11656,11560,11690,11606,0
398,18.703890800476074,-0.553999,-0.27162,0.244242,-0.873056,0.851644,2.223,0,0,0,0,0,0,11604,11573,11633,11616,11570,11666,11672,11640,11647,11648,10589,11631,11642,11564,11687,11618,0
399,18.75163197517395,-0.553996,-0.272033,0.244243,-0.873021,0.85137,2.2229,0,0,0,0,0,0,11598,11561,11616,11624,11588,11695,11672,11633,11631,11643,10576,11642,11654,11579,11698,11610,0
400,18.79755997657776,-0.553986,-0.272567,0.244224,-0.872889,0.851495,2.22,0,0,0,0,0,0,11599,11577,11631,11617,11594,11678,11659,11625,11639,11650,10585,11641,11654,11563,11672,11607,0
401,18.84643006324768,-0.553988,-0.272961,0.24425,-0.87284,0.85144,2.2229,0,0,0,0,0,0,11605,11569,11625,11611,11574,11669,11673,11631,11639,11648,10568,11628,11644,11571,11702,11615,0
402,18.893304109573364,-0.553971,-0.273406,0.244262,-0.872763,0.851388,2.222,0,0,0,0,0,0,11596,11554,11615,11619,11583,11683,11669,11623,11628,11634,10570,11643,11656,11573,11690,11604,0
403,18.9388267993927,-0.553999,-0.273893,0.244198,-0.872938,0.851547,2.2229,0,0,0,0,0,0,11604,11573,11632,11623,11584,11672,11661,11635,11643,11653,10581,11643,11640,11563,11682,11616,0
404,18.985629558563232,-0.553981,-0.27437,0.244239,-0.872814,0.851504,2.2229,0,0,0,0,0,0,11604,11575,11617,11613,11578,11691,11680,11640,11643,11647,10570,11631,11638,11578,11702,11618,0
405,19.032668352127075,-0.55398,-0.274806,0.244232,-0.872873,0.851406,2.223,0,0,0,0,0,0,11584,11559,11624,11625,11590,11676,11681,11630,11630,11642,10580,11646,11656,11579,11687,11604,0
406,19.079712629318237,-0.553967,-0.275329,0.244241,-0.872818,0.851501,2.2229,0,0,0,0,0,0,11608,11571,11634,11625,11577,11680,11665,11635,11650,11654,10582,11644,11640,11561,11696,11619,0
407,19.127687454223633,-0.553977,-0.27585,0.244233,-0.872854,0.851567,2.2229,0,0,0,0,0,0,11604,11572,11616,11607,11572,11693,11677,11637,11644,11644,10573,11630,11655,11578,11698,11615,0
408,19.174636125564575,-0.55395,-0.276321,0.244263,-0.872684,0.851436,2.222,0,0,0,0,0,0,11598,11567,11629,11622,11598,11692,11666,11619,11638,11647,10581,11644,11649,11576,11688,11604,0
409,19.22290539741516,-0.554008,-0.276802,0.244181,-0.872989,0.851142,2.2228,0,0,0,0,0,0,11606,11576,11632,11625,11566,11665,11663,11645,11645,11651,10584,11635,11642,11568,11697,11611,0
410,19.268784046173096,-0.554015,-0.277162,0.24421,-0.872934,0.851285,2.2227,0,0,0,0,0,0,11607,11561,11616,11608,11582,11686,11680,11630,11639,11638,10567,11631,11649,11577,11704,11616,0
411,19.314661741256714,-0.554002,-0.277587,0.244215,-0.873002,0.8515,2.2228,0,0,0,0,0,0,11594,11568,11631,11627,11589,11690,11660,11619,11635,11650,10586,11643,11649,11560,11692,11605,0
412,19.362573623657227,-0.554001,-0.278132,0.244193,-0.872945,0.851554,2.2229,0,0,0,0,0,0,11610,11574,11626,11609,11566,11673,11676,11633,11647,11653,10580,11634,11639,11565,11707,11620,0
413,19.409611701965332,-0.553959,-0.278667,0.244245,-0.87284,0.85123,2.2229,0,0,0,0,0,0,11604,11558,11617,11615,11588,11692,11682,11628,11633,11642,10578,11643,11657,11580,11708,11613,0
414,19.45734739303589,-0.553978,-0.27912,0.244207,-0.872922,0.851204,2.2229,0,0,0,0,0,0,11590,11588,11628,11620,11588,11681,11664,11620,11642,11652,10588,11645,11650,11566,11686,11604,0
415,19.503463745117188,-0.553977,-0.27959,0.244194,-0.87283,0.851066,2.2228,0,0,0,0,0,0,11610,11573,11623,11608,11576,11673,11677,11632,11647,11652,10576,11631,11633,11566,11707,11620,0
416,19.551091194152832,-0.554,-0.280005,0.244184,-0.872982,0.85111,2.2228,0,0,0,0,0,0,11597,11559,11616,11623,11590,11696,11685,11632,11634,11643,10580,11643,11656,11580,11705,11606,0
417,19.59765076637268,-0.553998,-0.28054,0.244203,-0.872889,0.851265,2.2228,0,0,0,0,0,0,11602,11583,11629,11621,11586,11677,11664,11616,11644,11652,10585,11648,11647,11564,11687,11612,0
418,19.644131898880005,-0.553964,-0.281059,0.244225,-0.872795,0.851518,2.223,0,0,0,0,0,0,11604,11580,11621,11608,11577,11688,11683,11632,11648,11648,10574,11632,11637,11577,11707,11620,0
419,19.69095206260681,-0.553982,-0.281424,0.244253,-0.872818,0.85156,2.2229,0,0,0,0,0,0,11588,11568,11618,11622,11598,11687,11673,11619,11631,11643,10575,11644,11655,11580,11702,11604,0
420,19.73882293701172,-0.553991,-0.281898,0.244202,-0.872919,0.851632,2.22,0,0,0,0,0,0,11602,11580,11629,11620,11580,11671,11671,11622,11646,11652,10582,11638,11639,11557,11686,11614,0
421,19.784701585769653,-0.553947,-0.282395,0.244241,-0.872783,0.851662,2.223,0,0,0,0,0,0,11604,11566,11611,11604,11562,11683,11678,11635,11643,11639,10566,11626,11641,11574,11707,11614,0
422,19.83360719680786,-0.553933,-0.282789,0.244255,-0.872769,0.851687,2.223,0,0,0,0,0,0,11586,11560,11619,11613,11586,11687,11663,11626,11627,11637,10577,11641,11653,11573,11685,11601,0
423,19.87926745414734,-0.553959,-0.283352,0.244234,-0.872839,0.85126,2.223,0,0,0,0,0,0,11600,11579,11626,11612,11562,11678,11666,11638,11649,11654,10587,11635,11633,11569,11697,11616,0
424,19.92624592781067,-0.553992,-0.283809,0.24424,-0.872958,0.851705,2.2229,0,0,0,0,0,0,11605,11556,11618,11605,11589,11694,11684,11640,11644,11643,10579,11637,11655,11580,11699,11618,0
425,19.973852396011353,-0.553965,-0.284339,0.244242,-0.872834,0.85173,2.223,0,0,0,0,0,0,11591,11570,11631,11620,11590,11694,11666,11616,11637,11650,10587,11646,11652,11572,11697,11606,0
426,20.020002365112305,-0.553961,-0.284719,0.244294,-0.872793,0.851763,2.2231,0,0,0,0,0,0,11601,11585,11632,11613,11573,11671,11667,11635,11645,11653,10587,11632,11642,11567,11712,11618,0
427,20.067191123962402,-0.553942,-0.28518,0.244305,-0.872714,0.851701,2.223,0,0,0,0,0,0,11602,11569,11614,11608,11597,11694,11685,11635,11634,11641,10580,11639,11656,11578,11706,11614,0
428,20.11405348777771,-0.553956,-0.285593,0.244255,-0.872818,0.85184,2.223,0,0,0,0,0,0,11588,11572,11628,11621,11595,11680,11664,11621,11638,11652,10588,11646,11653,11565,11686,11607,0
429,20.16110920906067,-0.553975,-0.286169,0.244267,-0.872957,0.851656,2.223,0,0,0,0,0,0,11602,11590,11630,11608,11573,11673,11681,11633,11646,11652,10576,11631,11636,11568,11702,11617,0
430,20.209152936935425,-0.553968,-0.286651,0.244282,-0.872852,0.851468,2.223,0,0,0,0,0,0,11590,11564,11612,11608,11583,11687,11672,11628,11627,11636,10573,11639,11649,11566,11704,11602,0
431,20.255021810531616,-0.55398,-0.287127,0.244275,-0.872984,0.85143,2.223,0,0,0,0,0,0,11579,11571,11623,11616,11584,11667,11658,11615,11639,11651,10590,11642,11639,11567,11683,11604,0
432,20.30309820175171,-0.553951,-0.287586,0.244241,-0.872794,0.851482,2.223,0,0,0,0,0,0,11603,11580,11620,11605,11565,11675,11679,11628,11644,11651,10575,11630,11636,11568,11706,11616,0
433,20.34900426864624,-0.55397,-0.288015,0.244232,-0.872873,0.851203,2.223,0,0,0,0,0,0,11588,11568,11614,11618,11593,11692,11675,11616,11628,11634,10581,11640,11649,11573,11695,11601,0
434,20.395880460739136,-0.55398,-0.288551,0.244244,-0.872763,0.851551,2.2229,0,0,0,0,0,0,11602,11581,11625,11616,11572,11668,11660,11617,11641,11646,10585,11641,11637,11561,11688,11611,0
435,20.44374990463257,-0.554,-0.289041,0.244217,-0.872983,0.851375,2.2229,0,0,0,0,0,0,11595,11574,11614,11604,11572,11677,11676,11638,11641,11642,10571,11625,11643,11572,11709,11615,0
436,20.49162197113037,-0.554007,-0.28943,0.244178,-0.873009,0.851359,2.2229,0,0,0,0,0,0,11580,11561,11619,11614,11593,11685,11673,11629,11626,11638,10585,11639,11646,11573,11684,11603,0
437,20.536967277526855,-0.553959,-0.28993,0.244221,-0.872732,0.851437,2.2231,0,0,0,0,0,0,11601,11576,11629,11618,11576,11668,11651,11634,11643,11648,10584,11636,11641,11562,11706,11615,0
438,20.583930730819702,-0.553997,-0.29043,0.244153,-0.873027,0.851451,2.223,0,0,0,0,0,0,11609,11552,11613,11607,11578,11673,11680,11633,11644,11641,10570,11629,11649,11575,11698,11616,0
439,20.630797863006592,-0.553999,-0.290805,0.244194,-0.872971,0.851179,2.2229,0,0,0,0,0,0,11589,11564,11626,11615,11595,11684,11662,11615,11635,11648,10584,11642,11653,11573,11701,11603,0
440,20.67880892753601,-0.553993,-0.291335,0.244171,-0.872878,0.851394,2.22,0,0,0,0,0,0,11598,11578,11630,11613,11565,11671,11662,11627,11647,11652,10585,11635,11646,11569,11694,11615,0
441,20.724853038787842,-0.554,-0.291832,0.244188,-0.87299,0.851226,2.2229,0,0,0,0,0,0,11602,11564,11614,11596,11584,11691,11676,11629,11633,11638,10573,11638,11652,11577,11710,11615,0
442,20.77274990081787,-0.553998,-0.29226,0.244207,-0.873091,0.851309,2.2229,0,0,0,0,0,0,11589,11572,11631,11620,11588,11689,11669,11615,11631,11649,10589,11641,11649,11559,11686,11604,0
443,20.81881022453308,-0.553967,-0.292734,0.244226,-0.872925,0.851158,2.2229,0,0,0,0,0,0,11602,11576,11632,11607,11575,11669,11674,11628,11648,11655,10582,11631,11641,11563,11709,11618,0
444,20.865840911865234,-0.554002,-0.293178,0.24422,-0.872951,0.851517,2.2229,0,0,0,0,0,0,11593,11562,11615,11609,11593,11691,11668,11627,11631,11642,10576,11639,11650,11576,11698,11608,0
445,20.91286277770996,-0.553994,-0.293566,0.244204,-0.872943,0.851642,2.2229,0,0,0,0,0,0,11589,11576,11630,11620,11592,11673,11659,11619,11640,11650,10588,11638,11646,11552,11685,11599,0
446,20.95970058441162,-0.553972,-0.294167,0.24423,-0.872874,0.851403,2.223,0,0,0,0,0,0,11597,11572,11617,11605,11560,11671,11674,11636,11643,11648,10577,11628,11632,11570,11703,11612,0
447,21.007006883621216,-0.553998,-0.294635,0.244177,-0.872943,0.851377,2.2229,0,0,0,0,0,0,11588,11561,11615,11617,11594,11676,11679,11615,11630,11638,10589,11641,11654,11576,11700,11603,0
448,21.054861307144165,-0.553957,-0.295108,0.244227,-0.872657,0.851447,2.223,0,0,0,0,0,0,11597,11572,11632,11617,11583,11658,11662,11613,11638,11647,10588,11641,11641,11568,11689,11612,0
449,21.101451873779297,-0.553947,-0.295512,0.244267,-0.872743,0.851564,2.223,0,0,0,0,0,0,11594,11573,11610,11605,11565,11677,11669,11625,11638,11643,10579,11634,11643,11571,11707,11615,0
450,21.147636651992798,-0.554002,-0.295965,0.244251,-0.872925,0.851444,2.2229,0,0,0,0,0,0,11590,11564,11619,11614,11593,11691,11680,11612,11632,11635,10592,11642,11649,11577,11696,11601,0
451,21.194607257843018,-0.553996,-0.296364,0.244268,-0.872805,0.851394,2.2229,0,0,0,0,0,0,11594,11567,11624,11615,11563,11668,11656,11626,11639,11649,10592,11637,11634,11563,11687,11610,0
452,21.241594791412354,-0.553979,-0.29695,0.24426,-0.872847,0.851503,2.2229,0,0,0,0,0,0,11598,11565,11611,11604,11565,11682,11678,11638,11639,11634,10584,11627,11639,11571,11709,11616,0
453,21.288570404052734,-0.554001,-0.297419,0.244278,-0.872951,0.851499,2.2228,0,0,0,0,0,0,11588,11568,11630,11615,11594,11691,11670,11620,11628,11647,10596,11643,11650,11578,11691,11606,0
454,21.3364896774292,-0.553981,-0.297905,0.244273,-0.872907,0.851295,2.2228,0,0,0,0,0,0,11601,11582,11634,11617,11574,11673,11663,11625,11646,11649,10596,11629,11641,11561,11706,11615,0
455,21.382463216781616,-0.553995,-0.298423,0.244272,-0.873036,0.851396,2.2229,0,0,0,0,0,0,11600,11559,11612,11598,11589,11682,11681,11639,11636,11643,10586,11630,11647,11577,11696,11616,0
456,21.42948889732361,-0.55398,-0.298812,0.244247,-0.873007,0.851401,2.2229,0,0,0,0,0,0,11579,11567,11627,11623,11589,11685,11659,11631,11628,11650,10591,11644,11652,11560,11678,11599,0
457,21.47645592689514,-0.553997,-0.299192,0.244241,-0.873019,0.8513,2.2229,0,0,0,0,0,0,11601,11573,11627,11613,11571,11672,11667,11638,11644,11651,10593,11629,11640,11568,11678,11613,0
458,21.5234272480011,-0.553968,-0.299752,0.244277,-0.872931,0.851371,2.2229,0,0,0,0,0,0,11590,11564,11618,11616,11585,11687,11679,11633,11632,11638,10582,11643,11649,11576,11689,11609,0
459,21.570392847061157,-0.553983,-0.30023,0.244265,-0.872977,0.851427,2.2229,0,0,0,0,0,0,11587,11576,11629,11621,11585,11671,11651,11626,11631,11648,10588,11638,11643,11560,11670,11600,0
460,21.617820262908936,-0.553967,-0.300668,0.244295,-0.872831,0.851646,2.222,0,0,0,0,0,0,11601,11571,11626,11611,11562,11665,11667,11638,11642,11652,10580,11628,11642,11572,11692,11613,0
461,21.664372444152832,-0.553988,-0.301169,0.244257,-0.872906,0.851557,2.2228,0,0,0,0,0,0,11582,11560,11615,11620,11594,11693,11678,11638,11627,11644,10580,11640,11648,11577,11683,11601,0
462,21.711626529693604,-0.553989,-0.301574,0.244279,-0.872899,0.851534,2.223,0,0,0,0,0,0,11591,11571,11631,11624,11593,11670,11655,11615,11640,11649,10592,11643,11643,11562,11687,11605,0
463,21.75832176208496,-0.553955,-0.302186,0.244285,-0.872737,0.851382,2.223,0,0,0,0,0,0,11600,11566,11613,11609,11576,11685,11675,11626,11643,11646,10579,11627,11638,11568,11689,11615,0
464,21.80629301071167,-0.553964,-0.302615,0.244276,-0.872719,0.851449,2.22,0,0,0,0,0,0,11586,11563,11616,11619,11584,11683,11670,11611,11627,11640,10590,11639,11653,11571,11682,11600,0
465,21.851886749267578,-0.554,-0.303101,0.244236,-0.872974,0.851345,2.223,0,0,0,0,0,0,11603,11568,11629,11624,11572,11667,11665,11633,11643,11649,10591,11641,11646,11563,11684,11612,0
466,21.899970531463623,-0.553998,-0.303512,0.244182,-0.873028,0.851363,2.223,0,0,0,0,0,0,11602,11570,11612,11604,11572,11685,11673,11634,11641,11635,10579,11629,11643,11573,11692,11616,0
467,21.947198152542114,-0.553969,-0.303985,0.244215,-0.872919,0.851309,2.2229,0,0,0,0,0,0,11589,11562,11629,11627,11588,11693,11676,11616,11636,11645,10589,11646,11660,11578,11691,11608,0
468,21.99418306350708,-0.553992,-0.304369,0.244262,-0.872822,0.851396,2.2228,0,0,0,0,0,0,11610,11575,11631,11623,11571,11674,11667,11635,11643,11656,10599,11635,11636,11567,11691,11620,0
469,22.041170120239258,-0.554004,-0.304981,0.244234,-0.872959,0.85124,2.2229,0,0,0,0,0,0,11610,11563,11619,11615,11586,11695,11683,11633,11643,11642,10584,11635,11659,11579,11702,11619,0
470,22.08809471130371,-0.553976,-0.305436,0.244236,-0.872712,0.851221,2.2229,0,0,0,0,0,0,11602,11562,11631,11622,11597,11688,11667,11620,11637,11652,10592,11646,11656,11573,11693,11607,0
471,22.13509964942932,-0.554013,-0.305915,0.244222,-0.873005,0.851401,2.223,0,0,0,0,0,0,11608,11573,11632,11617,11572,11680,11672,11635,11647,11655,10593,11633,11644,11570,11699,11618,0
472,22.182086944580078,-0.553992,-0.306441,0.244224,-0.872902,0.851182,2.223,0,0,0,0,0,0,11610,11564,11621,11613,11595,11679,11686,11636,11638,11645,10582,11641,11659,11582,11711,11617,0
473,22.229031801223755,-0.554012,-0.306807,0.244195,-0.872889,0.851313,2.223,0,0,0,0,0,0,11600,11570,11631,11624,11599,11683,11664,11623,11640,11653,10595,11647,11654,11567,11689,11612,0
474,22.276033401489258,-0.553996,-0.307347,0.244185,-0.872961,0.851422,2.223,0,0,0,0,0,0,11608,11589,11633,11611,11579,11677,11685,11636,11657,11654,10584,11633,11647,11567,11713,11622,0
475,22.32270359992981,-0.554022,-0.307738,0.244182,-0.873069,0.85132,2.2229,0,0,0,0,0,0,11589,11567,11619,11616,11590,11697,11678,11634,11625,11640,10588,11644,11655,11581,11702,11608,0
476,22.369794368743896,-0.553996,-0.308207,0.244266,-0.87279,0.851339,2.2228,0,0,0,0,0,0,11597,11572,11629,11622,11597,11676,11663,11622,11647,11652,10592,11645,11645,11564,11701,11608,0
477,22.41692566871643,-0.554004,-0.308703,0.244209,-0.872948,0.851491,2.2229,0,0,0,0,0,0,11605,11576,11617,11603,11574,11677,11682,11633,11644,11650,10582,11629,11636,11576,11701,11617,0
478,22.463908672332764,-0.554026,-0.309183,0.244205,-0.873034,0.851341,2.2229,0,0,0,0,0,0,11592,11568,11617,11613,11592,11692,11682,11619,11632,11641,10590,11643,11652,11577,11706,11606,0
479,22.5116286277771,-0.554008,-0.309603,0.24424,-0.87302,0.851584,2.223,0,0,0,0,0,0,11602,11580,11630,11619,11579,11669,11662,11621,11643,11650,10593,11642,11640,11566,11701,11615,0
480,22.55790901184082,-0.554033,-0.310119,0.244202,-0.872986,0.851443,2.2229,0,0,0,0,0,0,11601,11579,11606,11605,11581,11691,11683,11632,11649,11643,10585,11637,11639,11576,11707,11618,0
481,22.60486674308777,-0.553949,-0.310619,0.244256,-0.872766,0.851493,2.2229,0,0,0,0,0,0,11591,11568,11623,11618,11588,11686,11680,11616,11628,11640,10591,11644,11651,11578,11693,11606,0
482,22.652061700820923,-0.553977,-0.310995,0.244243,-0.872747,0.851334,2.222,0,0,0,0,0,0,11604,11578,11627,11618,11576,11671,11662,11625,11644,11651,10590,11637,11641,11561,11704,11618,0
483,22.6988422870636,-0.553978,-0.311504,0.24427,-0.872895,0.851223,2.2229,0,0,0,0,0,0,11606,11569,11612,11605,11574,11685,11682,11634,11641,11638,10584,11632,11643,11577,11702,11617,0
484,22.745840311050415,-0.553962,-0.311976,0.244262,-0.872743,0.851457,2.2229,0,0,0,0,0,0,11594,11567,11627,11617,11587,11693,11663,11611,11627,11647,10593,11644,11656,11572,11696,11605,0
485,22.792839527130127,-0.553952,-0.312398,0.244301,-0.872789,0.851497,2.223,0,0,0,0,0,0,11599,11574,11627,11613,11566,11672,11657,11625,11642,11650,10590,11629,11628,11571,11684,11610,0
486,22.83972477912903,-0.553956,-0.312979,0.244292,-0.872848,0.851318,2.22,0,0,0,0,0,0,11596,11552,11610,11603,11576,11685,11673,11630,11634,11637,10577,11631,11647,11573,11702,11611,0
487,22.886621952056885,-0.554006,-0.313417,0.244249,-0.873017,0.851454,2.2229,0,0,0,0,0,0,11583,11566,11626,11613,11589,11678,11656,11611,11631,11648,10589,11639,11652,11555,11681,11597,0
488,22.93391489982605,-0.55398,-0.313903,0.24425,-0.872882,0.851293,2.2228,0,0,0,0,0,0,11600,11570,11622,11590,11568,11667,11660,11626,11637,11644,10581,11619,11635,11564,11695,11606,0
489,22.980679035186768,-0.55398,-0.31433,0.244268,-0.872897,0.851121,2.2229,0,0,0,0,0,0,11585,11563,11611,11604,11580,11679,11669,11624,11627,11635,10578,11636,11650,11571,11699,11601,0
490,23.0276198387146,-0.553982,-0.314805,0.244244,-0.872894,0.851212,2.22,0,0,0,0,0,0,11585,11557,11626,11615,11586,11668,11658,11610,11634,11649,10590,11639,11634,11568,11675,11599,0
491,23.074636697769165,-0.553961,-0.315238,0.244268,-0.8729,0.851198,2.223,0,0,0,0,0,0,11594,11575,11618,11593,11570,11667,11668,11629,11643,11647,10577,11626,11645,11567,11700,11610,0
492,23.12162947654724,-0.553981,-0.315763,0.244243,-0.872871,0.851365,2.2229,0,0,0,0,0,0,11578,11558,11612,11608,11588,11688,11676,11611,11627,11633,10585,11636,11645,11572,11694,11600,0
493,23.168880224227905,-0.553991,-0.316139,0.244252,-0.872897,0.851514,2.2229,0,0,0,0,0,0,11592,11573,11628,11616,11581,11667,11664,11618,11640,11647,10590,11638,11640,11553,11690,11605,0
494,23.216894388198853,-0.553987,-0.316683,0.244205,-0.872866,0.851586,2.2229,0,0,0,0,0,0,11595,11575,11612,11600,11563,11677,11667,11638,11644,11640,10573,11625,11633,11568,11695,11611,0
495,23.262496948242188,-0.553994,-0.317183,0.244215,-0.872835,0.851392,2.2229,0,0,0,0,0,0,11572,11560,11618,11610,11579,11688,11676,11610,11628,11637,10581,11642,11651,11572,11693,11596,0
496,23.309433698654175,-0.553971,-0.317611,0.244252,-0.872802,0.851277,2.2229,0,0,0,0,0,0,11591,11578,11628,11618,11573,11667,11655,11621,11639,11647,10587,11635,11635,11560,11678,11607,0
497,23.35644030570984,-0.553982,-0.318024,0.244254,-0.872887,0.851163,2.2229,0,0,0,0,0,0,11597,11562,11610,11596,11567,11680,11674,11637,11642,11636,10572,11630,11642,11572,11697,11613,0
498,23.403425693511963,-0.553985,-0.318549,0.244228,-0.872873,0.851228,2.2228,0,0,0,0,0,0,11583,11549,11620,11615,11584,11687,11658,11607,11624,11640,10584,11635,11640,11564,11691,11593,0
499,23.450385570526123,-0.553972,-0.319058,0.244233,-0.872842,0.851174,2.2229,0,0,0,0,0,0,11596,11569,11618,11603,11564,11664,11653,11616,11637,11647,10588,11623,11632,11564,11684,11604,0
500,23.4973361492157,-0.553981,-0.319514,0.244217,-0.872914,0.851435,2.22,0,0,0,0,0,0,11597,11555,11608,11601,11576,11674,11670,11627,11632,11630,10570,11630,11637,11578,11693,11608,0
501,23.544324159622192,-0.553961,-0.319981,0.244227,-0.87279,0.851554,2.2229,0,0,0,0,0,0,11578,11567,11619,11612,11579,11681,11654,11617,11628,11644,10583,11639,11652,11561,11693,11601,0
502,23.591291427612305,-0.55399,-0.320388,0.244263,-0.87287,0.851574,2.223,0,0,0,0,0,0,11607,11570,11629,11599,11564,11664,11677,11633,11642,11648,10577,11625,11645,11554,11688,11611,0
503,23.638254642486572,-0.553985,-0.320973,0.244245,-0.872897,0.851232,2.2229,0,0,0,0,0,0,11594,11560,11600,11603,11579,11686,11670,11623,11625,11634,10573,11640,11646,11573,11692,11605,0
504,23.68521547317505,-0.553977,-0.321428,0.244289,-0.872749,0.851188,2.2228,0,0,0,0,0,0,11586,11571,11622,11614,11590,11670,11655,11619,11636,11645,10589,11640,11646,11561,11693,11601,0
505,23.732080221176147,-0.55398,-0.321852,0.244224,-0.872827,0.851055,2.2228,0,0,0,0,0,0,11591,11569,11618,11602,11570,11670,11668,11638,11640,11648,10575,11627,11639,11566,11692,11613,0
506,23.7791748046875,-0.554002,-0.322327,0.244199,-0.872955,0.851096,2.2229,0,0,0,0,0,0,11588,11556,11616,11611,11575,11679,11678,11625,11628,11637,10583,11637,11641,11575,11700,11600,0
507,23.82617425918579,-0.553988,-0.322779,0.24418,-0.872891,0.851239,2.2229,0,0,0,0,0,0,11597,11567,11627,11619,11589,11667,11658,11615,11641,11645,10590,11641,11637,11568,11686,11607,0
508,23.87280249595642,-0.553997,-0.323192,0.244229,-0.872799,0.851272,2.2229,0,0,0,0,0,0,11602,11569,11612,11599,11567,11684,11674,11631,11640,11642,10566,11629,11635,11562,11697,11613,0
509,23.920114517211914,-0.553985,-0.323729,0.244285,-0.872775,0.851243,2.2227,0,0,0,0,0,0,11582,11555,11618,11614,11585,11688,11674,11618,11625,11634,10585,11637,11653,11573,11693,11593,0
510,23.96762466430664,-0.55398,-0.324242,0.24428,-0.872925,0.851208,2.2228,0,0,0,0,0,0,11597,11561,11623,11609,11567,11662,11653,11614,11633,11647,10583,11633,11632,11556,11675,11606,0
511,24.014079570770264,-0.553988,-0.324724,0.244271,-0.872859,0.851534,2.2229,0,0,0,0,0,0,11601,11557,11607,11600,11564,11683,11665,11630,11640,11629,10576,11628,11642,11569,11696,11614,0
512,24.061958074569702,-0.553973,-0.325199,0.244243,-0.87286,0.851235,2.2228,0,0,0,0,0,0,11585,11555,11624,11608,11579,11687,11661,11612,11628,11641,10590,11637,11644,11574,11696,11598,0
513,24.108263969421387,-0.553961,-0.325591,0.244262,-0.872829,0.851428,2.2229,0,0,0,0,0,0,11602,11567,11631,11613,11572,11668,11656,11619,11635,11648,10587,11630,11636,11562,11690,11612,0
514,24.1559841632843,-0.553959,-0.325994,0.244236,-0.872805,0.851249,2.22,0,0,0,0,0,0,11599,11560,11610,11600,11583,11674,11669,11632,11636,11636,10578,11630,11645,11562,11698,11612,0
515,24.20201325416565,-0.553971,-0.326549,0.244297,-0.872843,0.851395,2.2229,0,0,0,0,0,0,11588,11551,11628,11615,11585,11687,11658,11610,11626,11646,10574,11640,11646,11561,11689,11601,0
516,24.249953746795654,-0.553983,-0.327026,0.244259,-0.872895,0.851485,2.2229,0,0,0,0,0,0,11604,11569,11625,11598,11567,11666,11669,11624,11640,11648,10584,11626,11638,11569,11696,11606,0
517,24.296934604644775,-0.553952,-0.327503,0.244294,-0.872769,0.851513,2.2229,0,0,0,0,0,0,11594,11560,11611,11604,11585,11671,11668,11625,11622,11630,10573,11637,11638,11567,11699,11603,0
518,24.343903303146362,-0.553988,-0.327971,0.244269,-0.872863,0.851288,2.2228,0,0,0,0,0,0,11579,11565,11622,11607,11581,11669,11653,11608,11628,11640,10576,11640,11644,11553,11682,11600,0
519,24.390868425369263,-0.553978,-0.328365,0.244245,-0.8728,0.851289,2.2228,0,0,0,0,0,0,11599,11568,11625,11603,11561,11669,11672,11627,11642,11651,10578,11625,11645,11568,11706,11608,0
520,24.437857627868652,-0.553964,-0.328966,0.244219,-0.872809,0.851283,2.2229,0,0,0,0,0,0,11593,11554,11613,11611,11589,11677,11677,11621,11625,11633,10577,11638,11642,11566,11699,11599,0
521,24.484811782836914,-0.554016,-0.329421,0.24416,-0.873012,0.851107,2.2228,0,0,0,0,0,0,11591,11572,11621,11626,11582,11669,11652,11615,11638,11644,10582,11641,11641,11560,11671,11601,0
522,24.531731128692627,-0.554017,-0.329825,0.244183,-0.872997,0.851179,2.2228,0,0,0,0,0,0,11602,11568,11612,11609,11567,11684,11671,11622,11640,11643,10575,11624,11633,11566,11672,11608,0
523,24.578697681427002,-0.553996,-0.330312,0.244216,-0.872807,0.851244,2.222,0,0,0,0,0,0,11583,11555,11616,11623,11580,11679,11672,11618,11626,11635,10581,11640,11646,11568,11681,11596,0
524,24.625800609588623,-0.554021,-0.330828,0.244171,-0.873082,0.851099,2.2229,0,0,0,0,0,0,11588,11565,11619,11620,11573,11663,11657,11614,11640,11643,10589,11637,11632,11556,11664,11609,0
525,24.672623872756958,-0.554032,-0.331182,0.244156,-0.873014,0.851348,2.2229,0,0,0,0,0,0,11599,11565,11610,11599,11562,11681,11665,11624,11638,11634,10575,11625,11645,11572,11685,11609,0
526,24.719675540924072,-0.554023,-0.331738,0.244211,-0.872979,0.85142,2.2228,0,0,0,0,0,0,11582,11564,11618,11620,11583,11684,11664,11610,11626,11634,10591,11636,11640,11571,11669,11598,0
527,24.767568349838257,-0.554023,-0.332239,0.244232,-0.872973,0.851095,2.2228,0,0,0,0,0,0,11584,11573,11621,11619,11566,11667,11652,11625,11638,11645,10589,11629,11644,11551,11688,11607,0
528,24.813620567321777,-0.553984,-0.332709,0.244252,-0.872836,0.851282,2.2228,0,0,0,0,0,0,11599,11560,11607,11604,11570,11683,11667,11628,11635,11635,10575,11625,11639,11570,11680,11612,0
529,24.860567331314087,-0.554025,-0.333164,0.244238,-0.87293,0.851227,2.2228,0,0,0,0,0,0,11583,11562,11621,11617,11578,11674,11653,11612,11627,11645,10586,11633,11652,11559,11681,11597,0
530,24.9080171585083,-0.554,-0.333617,0.244214,-0.873037,0.851254,2.2229,0,0,0,0,0,0,11595,11567,11624,11605,11561,11667,11662,11627,11638,11648,10583,11618,11629,11560,11682,11611,0
531,24.955108404159546,-0.554001,-0.334015,0.2442,-0.872993,0.851386,2.2229,0,0,0,0,0,0,11592,11563,11609,11604,11579,11685,11665,11625,11626,11636,10572,11639,11649,11571,11691,11604,0
532,25.00154137611389,-0.554007,-0.334579,0.244206,-0.873012,0.851413,2.2229,0,0,0,0,0,0,11586,11570,11623,11614,11584,11669,11657,11617,11627,11644,10582,11633,11642,11567,11666,11596,0
533,25.04848289489746,-0.553986,-0.335025,0.244303,-0.872756,0.851351,2.2228,0,0,0,0,0,0,11585,11569,11621,11602,11565,11661,11670,11626,11627,11648,10578,11623,11642,11570,11693,11607,0
534,25.095499277114868,-0.55398,-0.335546,0.244258,-0.872934,0.851354,2.2229,0,0,0,0,0,0,11583,11559,11608,11609,11576,11683,11671,11625,11624,11629,10571,11634,11644,11567,11682,11595,0
535,25.14246964454651,-0.554017,-0.336004,0.244246,-0.873052,0.851245,2.2228,0,0,0,0,0,0,11587,11577,11625,11608,11586,11663,11656,11616,11635,11643,10583,11636,11641,11551,11685,11599,0
536,25.189427375793457,-0.554039,-0.336387,0.244224,-0.873157,0.851355,2.2228,0,0,0,0,0,0,11593,11574,11612,11601,11565,11672,11670,11628,11635,11645,10570,11623,11633,11564,11686,11605,0
537,25.236427545547485,-0.554006,-0.336796,0.244211,-0.873092,0.85155,2.223,0,0,0,0,0,0,11580,11555,11615,11610,11581,11674,11664,11616,11624,11630,10581,11644,11652,11567,11684,11595,0
538,25.283378839492798,-0.553968,-0.337371,0.244231,-0.87291,0.851447,2.223,0,0,0,0,0,0,11591,11566,11621,11606,11560,11663,11651,11609,11631,11645,10579,11634,11628,11555,11686,11604,0
539,25.330314874649048,-0.554014,-0.337863,0.244219,-0.87309,0.851182,2.2229,0,0,0,0,0,0,11582,11567,11606,11595,11564,11680,11671,11627,11636,11638,10572,11626,11638,11562,11687,11603,0
540,25.376872301101685,-0.553962,-0.338342,0.244328,-0.872841,0.85152,2.2229,0,0,0,0,0,0,11581,11557,11619,11612,11582,11682,11667,11615,11624,11633,10581,11639,11647,11572,11689,11593,0
541,25.424288749694824,-0.55397,-0.338804,0.244305,-0.872885,0.851391,2.2229,0,0,0,0,0,0,11593,11571,11619,11612,11561,11662,11657,11633,11637,11648,10582,11633,11628,11563,11681,11607,0
542,25.471622943878174,-0.553969,-0.339188,0.244328,-0.87277,0.851486,2.2228,0,0,0,0,0,0,11583,11557,11607,11600,11567,11676,11670,11619,11634,11631,10572,11625,11646,11575,11696,11606,0
543,25.51826000213623,-0.553948,-0.339762,0.24435,-0.872787,0.851595,2.223,0,0,0,0,0,0,11586,11556,11613,11609,11589,11679,11656,11608,11622,11641,10586,11636,11644,11565,11684,11597,0
544,25.56518578529358,-0.55399,-0.340216,0.24429,-0.872863,0.851223,2.2228,0,0,0,0,0,0,11591,11569,11617,11605,11566,11666,11658,11619,11640,11648,10581,11625,11636,11550,11689,11608,0
545,25.612069129943848,-0.553988,-0.340596,0.244262,-0.87277,0.851251,2.2228,0,0,0,0,0,0,11593,11554,11608,11599,11580,11681,11664,11628,11628,11631,10572,11631,11639,11569,11697,11607,0
546,25.659173488616943,-0.554006,-0.341098,0.244254,-0.872963,0.851403,2.2228,0,0,0,0,0,0,11581,11566,11618,11605,11576,11672,11651,11606,11622,11644,10585,11636,11634,11551,11675,11593,0
547,25.706132888793945,-0.553984,-0.341587,0.244289,-0.872756,0.851295,2.2228,0,0,0,0,0,0,11584,11566,11617,11596,11569,11662,11662,11621,11638,11642,10574,11622,11642,11562,11696,11608,0
548,25.753117561340332,-0.553969,-0.341999,0.244246,-0.872829,0.851286,2.2228,0,0,0,0,0,0,11584,11552,11601,11605,11579,11682,11674,11613,11622,11632,10571,11637,11644,11562,11696,11596,0
549,25.800145864486694,-0.554016,-0.342547,0.244265,-0.872933,0.851424,2.2228,0,0,0,0,0,0,11583,11565,11624,11614,11580,11678,11655,11607,11638,11647,10583,11637,11640,11561,11679,11597,0
550,25.847066640853882,-0.554022,-0.343013,0.244252,-0.872895,0.851325,2.2228,0,0,0,0,0,0,11600,11565,11613,11585,11569,11669,11668,11636,11637,11642,10574,11625,11632,11564,11700,11607,0
551,25.894043445587158,-0.553965,-0.343552,0.244246,-0.872823,0.851239,2.2229,0,0,0,0,0,0,11583,11554,11608,11610,11577,11685,11665,11615,11621,11631,10570,11637,11642,11563,11691,11599,0
552,25.940971851348877,-0.554006,-0.344007,0.244181,-0.872956,0.851216,2.2229,0,0,0,0,0,0,11595,11569,11625,11605,11570,11662,11654,11621,11639,11643,10587,11633,11634,11551,11683,11608,0
553,25.98873496055603,-0.554003,-0.344425,0.244183,-0.873028,0.851393,2.2229,0,0,0,0,0,0,11600,11565,11608,11593,11563,11676,11668,11619,11638,11637,10570,11623,11643,11570,11700,11608,0
554,26.034523487091064,-0.553975,-0.344996,0.244209,-0.872888,0.851291,2.2228,0,0,0,0,0,0,11582,11552,11617,11611,11577,11678,11652,11618,11623,11632,10585,11640,11645,11567,11683,11596,0
555,26.08276343345642,-0.554011,-0.345364,0.244222,-0.872961,0.851255,2.2228,0,0,0,0,0,0,11600,11566,11625,11606,11563,11663,11654,11616,11639,11646,10588,11627,11635,11554,11696,11608,0
556,26.128780126571655,-0.554007,-0.345853,0.244231,-0.873025,0.851164,2.2228,0,0,0,0,0,0,11595,11555,11608,11595,11573,11681,11669,11625,11631,11631,10571,11623,11644,11569,11692,11608,0
557,26.176631927490234,-0.553976,-0.346334,0.244245,-0.872869,0.851158,2.2228,0,0,0,0,0,0,11583,11560,11622,11612,11580,11679,11655,11606,11624,11643,10587,11637,11646,11566,11691,11595,0
558,26.223822116851807,-0.554005,-0.346801,0.244217,-0.87305,0.85118,2.222,0,0,0,0,0,0,11597,11567,11625,11600,11564,11664,11659,11623,11636,11648,10582,11621,11631,11563,11689,11606,0
559,26.27160954475403,-0.554026,-0.347164,0.244225,-0.873093,0.851347,2.2227,0,0,0,0,0,0,11593,11552,11610,11598,11579,11680,11671,11632,11629,11631,10572,11633,11644,11570,11700,11609,0
560,26.31786870956421,-0.554025,-0.347734,0.244212,-0.87302,0.851095,2.2228,0,0,0,0,0,0,11586,11562,11619,11610,11586,11671,11653,11610,11622,11643,10582,11637,11640,11560,11681,11598,0
561,26.364718675613403,-0.553991,-0.348243,0.244323,-0.872858,0.851422,2.223,0,0,0,0,0,0,11598,11566,11620,11599,11565,11663,11666,11619,11637,11644,10578,11622,11633,11554,11700,11607,0
562,26.411608695983887,-0.553982,-0.348617,0.244318,-0.872777,0.851391,2.2229,0,0,0,0,0,0,11586,11556,11607,11603,11584,11680,11673,11615,11622,11632,10572,11636,11640,11570,11696,11599,0
563,26.4586980342865,-0.554005,-0.34911,0.244289,-0.873026,0.85129,2.222,0,0,0,0,0,0,11589,11567,11625,11609,11581,11667,11655,11608,11634,11648,10589,11637,11634,11565,11684,11599,0
564,26.50563883781433,-0.55399,-0.349566,0.244309,-0.872884,0.851627,2.2228,0,0,0,0,0,0,11593,11573,11612,11600,11564,11670,11668,11621,11640,11646,10575,11625,11635,11560,11695,11607,0
565,26.552642345428467,-0.55397,-0.34998,0.244317,-0.872894,0.851518,2.2229,0,0,0,0,0,0,11585,11561,11607,11607,11575,11682,11673,11617,11623,11628,10581,11635,11644,11571,11695,11596,0
566,26.599624395370483,-0.55402,-0.350546,0.24427,-0.87302,0.851287,2.2229,0,0,0,0,0,0,11589,11570,11619,11615,11571,11664,11654,11616,11636,11651,10585,11638,11638,11563,11682,11603,0
567,26.646589279174805,-0.553967,-0.351044,0.244309,-0.872845,0.851269,2.2229,0,0,0,0,0,0,11597,11575,11614,11598,11568,11677,11674,11625,11638,11635,10571,11625,11634,11563,11697,11609,0
568,26.69356083869934,-0.554008,-0.351541,0.244252,-0.87309,0.851338,2.2229,0,0,0,0,0,0,11578,11558,11618,11610,11584,11675,11664,11607,11620,11630,10573,11638,11645,11562,11683,11594,0
569,26.74051022529602,-0.553981,-0.351987,0.244242,-0.872809,0.851412,2.2228,0,0,0,0,0,0,11585,11570,11619,11606,11564,11657,11653,11617,11633,11641,10588,11635,11630,11556,11688,11607,0
570,26.78763771057129,-0.553964,-0.352377,0.244283,-0.872748,0.851569,2.2229,0,0,0,0,0,0,11595,11567,11608,11597,11564,11681,11669,11625,11638,11636,10571,11625,11640,11568,11697,11606,0
571,26.83446216583252,-0.553989,-0.352786,0.244297,-0.872857,0.851471,2.2229,0,0,0,0,0,0,11581,11559,11621,11610,11581,11680,11658,11612,11625,11639,10587,11637,11646,11568,11688,11595,0
572,26.881458520889282,-0.553989,-0.353355,0.244274,-0.872875,0.851287,2.2229,0,0,0,0,0,0,11594,11572,11623,11606,11568,11666,11656,11618,11640,11648,10586,11626,11630,11555,11693,11607,0
573,26.92882466316223,-0.553986,-0.353843,0.244224,-0.872923,0.851045,2.2228,0,0,0,0,0,0,11596,11563,11607,11592,11580,11681,11672,11624,11627,11630,10573,11630,11642,11563,11693,11607,0
574,26.97538948059082,-0.554008,-0.354316,0.244183,-0.873018,0.851161,2.2228,0,0,0,0,0,0,11578,11564,11620,11610,11585,11680,11654,11613,11622,11648,10589,11638,11642,11566,11685,11593,0
575,27.022364854812622,-0.553985,-0.354797,0.244221,-0.872835,0.851164,2.2228,0,0,0,0,0,0,11594,11573,11620,11587,11566,11661,11663,11617,11633,11639,10576,11614,11626,11555,11689,11604,0
576,27.06939697265625,-0.553992,-0.355194,0.244249,-0.872866,0.851331,2.2229,0,0,0,0,0,0,11581,11553,11601,11597,11568,11675,11664,11612,11622,11631,10574,11636,11647,11567,11697,11598,0
577,27.11638331413269,-0.553989,-0.355597,0.244231,-0.872871,0.851434,2.2229,0,0,0,0,0,0,11585,11560,11613,11605,11576,11661,11654,11607,11631,11643,10586,11634,11635,11552,11670,11593,0
578,27.163329124450684,-0.553957,-0.356164,0.244288,-0.872735,0.85145,2.2229,0,0,0,0,0,0,11594,11571,11614,11595,11561,11665,11665,11616,11633,11643,10566,11622,11630,11564,11699,11605,0
579,27.210296392440796,-0.553991,-0.356666,0.244192,-0.872961,0.85121,2.2229,0,0,0,0,0,0,11577,11555,11604,11603,11574,11675,11668,11607,11621,11629,10576,11634,11634,11568,11689,11594,0
580,27.25815987586975,-0.553996,-0.357105,0.244213,-0.872826,0.85113,2.2228,0,0,0,0,0,0,11586,11563,11620,11608,11575,11657,11653,11606,11636,11643,10583,11635,11640,11562,11678,11602,0
581,27.304791927337646,-0.554013,-0.357609,0.244202,-0.872986,0.851309,2.223,0,0,0,0,0,0,11593,11575,11605,11591,11566,11671,11667,11622,11635,11638,10572,11622,11626,11567,11693,11605,0
582,27.351771116256714,-0.554007,-0.358003,0.244225,-0.872941,0.851136,2.2229,0,0,0,0,0,0,11577,11555,11610,11606,11577,11682,11661,11606,11621,11628,10582,11637,11643,11564,11686,11594,0
583,27.398189306259155,-0.554025,-0.358565,0.244243,-0.87299,0.851313,2.2228,0,0,0,0,0,0,11595,11566,11618,11610,11564,11661,11655,11619,11631,11641,10590,11630,11625,11563,11678,11604,0
584,27.445159196853638,-0.553971,-0.359055,0.244265,-0.872826,0.85141,2.2229,0,0,0,0,0,0,11591,11560,11605,11595,11566,11672,11666,11623,11635,11628,10574,11620,11641,11565,11703,11600,0
585,27.492010831832886,-0.55399,-0.359448,0.244295,-0.872853,0.851402,2.2229,0,0,0,0,0,0,11584,11558,11619,11606,11574,11676,11652,11612,11619,11633,10585,11634,11638,11566,11651,11592,0
586,27.539085865020752,-0.553991,-0.35991,0.244298,-0.872923,0.851415,2.2229,0,0,0,0,0,0,11594,11570,11619,11613,11567,11662,11648,11614,11631,11644,10582,11620,11629,11551,11669,11604,0
587,27.58608102798462,-0.553982,-0.360368,0.244321,-0.872815,0.851523,2.2228,0,0,0,0,0,0,11589,11549,11607,11602,11576,11671,11670,11617,11624,11628,10569,11621,11641,11565,11686,11604,0
588,27.632787227630615,-0.553999,-0.360759,0.244309,-0.872779,0.851378,2.222,0,0,0,0,0,0,11572,11558,11617,11611,11575,11671,11646,11613,11619,11641,10580,11633,11638,11548,11657,11589,0
589,27.68004822731018,-0.553988,-0.361329,0.244325,-0.872811,0.851671,2.2229,0,0,0,0,0,0,11591,11567,11619,11607,11565,11660,11657,11625,11633,11638,10579,11618,11626,11548,11687,11602,0
590,27.7275710105896,-0.553993,-0.361846,0.244274,-0.872984,0.851388,2.2229,0,0,0,0,0,0,11573,11554,11606,11604,11577,11681,11661,11618,11619,11629,10567,11629,11643,11567,11676,11592,0
591,27.77401304244995,-0.553973,-0.362333,0.244336,-0.872845,0.851428,2.223,0,0,0,0,0,0,11574,11562,11617,11611,11576,11654,11650,11603,11618,11641,10580,11631,11637,11558,11672,11590,0
592,27.821658611297607,-0.55397,-0.362838,0.244316,-0.872931,0.851193,2.2229,0,0,0,0,0,0,11592,11564,11613,11596,11563,11660,11660,11617,11630,11641,10569,11620,11632,11570,11686,11600,0
593,27.86762261390686,-0.553993,-0.363192,0.244305,-0.872836,0.851331,2.2229,0,0,0,0,0,0,11578,11556,11603,11597,11567,11672,11660,11615,11624,11627,10574,11630,11638,11564,11677,11586,0
594,27.914944410324097,-0.553962,-0.363626,0.244235,-0.872877,0.851397,2.223,0,0,0,0,0,0,11583,11563,11617,11608,11572,11659,11650,11610,11629,11637,10582,11634,11627,11556,11675,11596,0
595,27.96197509765625,-0.554017,-0.364166,0.244213,-0.872946,0.851236,2.2229,0,0,0,0,0,0,11591,11563,11604,11595,11565,11673,11659,11619,11630,11634,10565,11620,11628,11564,11680,11602,0
596,28.008888006210327,-0.554012,-0.364647,0.244225,-0.872862,0.851251,2.2229,0,0,0,0,0,0,11578,11552,11607,11606,11566,11673,11663,11608,11617,11625,10580,11635,11640,11566,11684,11589,0
597,28.05626344680786,-0.55404,-0.365148,0.244183,-0.873087,0.851108,2.2229,0,0,0,0,0,0,11587,11555,11617,11607,11563,11661,11650,11621,11635,11640,10584,11630,11625,11558,11667,11601,0
598,28.102849006652832,-0.554028,-0.365613,0.244157,-0.873001,0.851069,2.2227,0,0,0,0,0,0,11595,11560,11602,11593,11564,11669,11662,11614,11631,11625,10564,11621,11643,11566,11692,11603,0
599,28.149823904037476,-0.553979,-0.366017,0.24418,-0.872915,0.851332,2.2229,0,0,0,0,0,0,11574,11549,11614,11606,11569,11681,11651,11602,11620,11634,10576,11632,11637,11562,11682,11590,0
600,28.196834325790405,-0.554025,-0.366567,0.244219,-0.873025,0.851178,2.2228,0,0,0,0,0,0,11588,11562,11617,11606,11566,11664,11650,11626,11633,11641,10582,11613,11618,11561,11680,11604,0
601,28.243704319000244,-0.554038,-0.366929,0.244234,-0.872963,0.851138,2.2228,0,0,0,0,0,0,11591,11550,11603,11595,11564,11673,11663,11629,11624,11625,10564,11622,11634,11565,11696,11604,0
602,28.290743350982666,-0.553989,-0.367443,0.244238,-0.872735,0.851159,2.2229,0,0,0,0,0,0,11578,11548,11616,11605,11576,11676,11651,11604,11622,11637,10582,11630,11642,11552,11683,11593,0
603,28.33781147003174,-0.554013,-0.367912,0.244229,-0.873012,0.851452,2.2228,0,0,0,0,0,0,11591,11564,11616,11596,11569,11658,11659,11613,11633,11639,10577,11617,11624,11552,11688,11604,0
604,28.38474941253662,-0.554016,-0.368404,0.244226,-0.872878,0.85134,2.22,0,0,0,0,0,0,11584,11546,11596,11592,11560,11668,11657,11616,11614,11612,10565,11623,11637,11565,11694,11592,0
605,28.431621074676514,-0.554004,-0.368814,0.244245,-0.872904,0.851263,2.22,0,0,0,0,0,0,11579,11552,11618,11597,11582,11656,11653,11597,11617,11635,10577,11631,11629,11548,11671,11591,0
606,28.478559970855713,-0.554002,-0.36938,0.244254,-0.872989,0.851336,2.22,0,0,0,0,0,0,11589,11552,11591,11586,11557,11657,11655,11612,11628,11639,10562,11615,11626,11555,11696,11600,0
607,28.52563714981079,-0.553975,-0.369845,0.244254,-0.87285,0.851194,2.2229,0,0,0,0,0,0,11567,11544,11602,11587,11571,11676,11659,11604,11612,11621,10567,11625,11643,11568,11690,11591,0
608,28.572560787200928,-0.554006,-0.370306,0.244233,-0.873045,0.851369,2.2228,0,0,0,0,0,0,11585,11555,11613,11607,11564,11664,11655,11615,11629,11639,10579,11635,11628,11548,11679,11595,0
609,28.621546268463135,-0.553987,-0.370797,0.244321,-0.87282,0.851323,2.2229,0,0,0,0,0,0,11592,11560,11602,11581,11566,11667,11661,11628,11627,11634,10565,11615,11625,11568,11697,11605,0
610,28.667407035827637,-0.553975,-0.371233,0.24427,-0.872897,0.851259,2.2229,0,0,0,0,0,0,11579,11548,11601,11590,11564,11669,11659,11601,11615,11626,10576,11630,11644,11562,11689,11589,0
611,28.714476346969604,-0.553997,-0.371757,0.244286,-0.87282,0.851277,2.2229,0,0,0,0,0,0,11589,11557,11617,11598,11560,11654,11649,11606,11627,11635,10578,11627,11621,11550,11682,11603,0
612,28.76233148574829,-0.553969,-0.372171,0.244295,-0.872912,0.851449,2.2229,0,0,0,0,0,0,11590,11552,11600,11586,11564,11668,11659,11621,11632,11619,10562,11620,11639,11554,11701,11605,0
613,28.808363437652588,-0.553987,-0.372603,0.244297,-0.872842,0.851486,2.2229,0,0,0,0,0,0,11575,11544,11601,11597,11572,11670,11651,11600,11613,11622,10576,11626,11633,11563,11680,11589,0
614,28.855380058288574,-0.554019,-0.373067,0.244316,-0.872934,0.851285,2.2228,0,0,0,0,0,0,11588,11550,11614,11601,11559,11654,11647,11612,11628,11634,10576,11615,11615,11555,11690,11601,0
615,28.902344942092896,-0.553984,-0.373586,0.24433,-0.872814,0.851372,2.2229,0,0,0,0,0,0,11587,11557,11601,11588,11565,11668,11660,11614,11630,11614,10561,11611,11632,11561,11697,11605,0
616,28.94930362701416,-0.553995,-0.373965,0.244331,-0.872874,0.851226,2.2227,0,0,0,0,0,0,11565,11556,11610,11602,11571,11679,11644,11601,11616,11632,10570,11626,11646,11563,11677,11590,0
617,28.996323347091675,-0.55397,-0.374548,0.244263,-0.872782,0.851515,2.2229,0,0,0,0,0,0,11593,11563,11618,11590,11557,11666,11653,11620,11627,11637,10571,11614,11612,11551,11690,11607,0
618,29.043217420578003,-0.554001,-0.374957,0.244257,-0.872893,0.851154,2.2227,0,0,0,0,0,0,11584,11560,11599,11586,11561,11668,11660,11615,11615,11622,10562,11622,11646,11565,11703,11601,0
619,29.09027338027954,-0.554002,-0.375421,0.244264,-0.872918,0.851338,2.2229,0,0,0,0,0,0,11574,11550,11612,11591,11564,11657,11648,11598,11621,11635,10571,11628,11631,11549,11680,11592,0
620,29.13782525062561,-0.553995,-0.375924,0.244263,-0.872923,0.851155,2.2228,0,0,0,0,0,0,11585,11563,11611,11587,11565,11655,11651,11604,11630,11636,10563,11617,11627,11555,11695,11602,0
621,29.184183359146118,-0.553999,-0.376351,0.244246,-0.872726,0.851361,2.2228,0,0,0,0,0,0,11579,11541,11599,11593,11572,11667,11659,11609,11613,11622,10550,11623,11634,11563,11708,11592,0
622,29.231619119644165,-0.554,-0.376801,0.244231,-0.872762,0.851256,2.223,0,0,0,0,0,0,11584,11561,11611,11601,11563,11655,11644,11602,11622,11636,10578,11628,11634,11552,11679,11592,0
623,29.278156042099,-0.553973,-0.37738,0.244214,-0.872785,0.85113,2.2229,0,0,0,0,0,0,11592,11561,11600,11580,11558,11664,11656,11617,11630,11634,10561,11615,11620,11559,11699,11606,0
624,29.324934720993042,-0.554009,-0.377854,0.244216,-0.87296,0.85113,2.2229,0,0,0,0,0,0,11574,11549,11602,11597,11572,11670,11657,11599,11610,11614,10569,11629,11638,11570,11698,11589,0
625,29.3720600605011,-0.553987,-0.378311,0.244216,-0.872853,0.851279,2.2229,0,0,0,0,0,0,11584,11560,11612,11599,11561,11652,11644,11609,11623,11636,10574,11631,11611,11546,11677,11599,0
626,29.42013144493103,-0.553983,-0.378735,0.244183,-0.872936,0.851166,2.223,0,0,0,0,0,0,11588,11557,11597,11581,11560,11662,11658,11616,11625,11624,10557,11618,11632,11560,11697,11608,0
627,29.46607542037964,-0.554009,-0.379139,0.244186,-0.87316,0.851067,2.222,0,0,0,0,0,0,11577,11548,11607,11604,11563,11667,11651,11597,11611,11626,10571,11627,11640,11564,11687,11587,0
628,29.512511253356934,-0.554012,-0.379597,0.244243,-0.872983,0.851132,2.2228,0,0,0,0,0,0,11586,11560,11611,11593,11559,11649,11640,11606,11622,11632,10569,11615,11614,11542,11683,11597,0
629,29.56038212776184,-0.554005,-0.380174,0.24425,-0.872999,0.851128,2.2229,0,0,0,0,0,0,11574,11546,11591,11583,11560,11660,11651,11606,11618,11616,10547,11613,11637,11564,11703,11604,0
630,29.606315851211548,-0.553985,-0.380644,0.244272,-0.872867,0.851398,2.223,0,0,0,0,0,0,11574,11545,11605,11596,11565,11665,11642,11599,11608,11632,10570,11628,11634,11547,11682,11591,0
631,29.6548330783844,-0.553982,-0.381036,0.244317,-0.872828,0.851412,2.223,0,0,0,0,0,0,11578,11560,11614,11594,11565,11656,11649,11612,11630,11635,10566,11607,11616,11553,11700,11604,0
632,29.70266580581665,-0.553982,-0.38159,0.244353,-0.872855,0.851617,2.223,0,0,0,0,0,0,11592,11549,11604,11591,11566,11664,11657,11625,11618,11620,10555,11617,11639,11561,11702,11598,0
633,29.74753427505493,-0.553997,-0.382005,0.244322,-0.872916,0.851407,2.2229,0,0,0,0,0,0,11569,11556,11605,11595,11559,11659,11638,11603,11613,11629,10570,11625,11634,11545,11682,11589,0
634,29.794848918914795,-0.55398,-0.382329,0.244294,-0.872891,0.851484,2.2229,0,0,0,0,0,0,11590,11558,11612,11582,11559,11660,11656,11614,11624,11637,10558,11606,11616,11554,11703,11609,0
635,29.841925621032715,-0.554041,-0.382425,0.244299,-0.872908,0.851553,2.2228,0,0,0,0,0,0,11583,11545,11601,11597,11565,11670,11660,11611,11615,11625,10559,11629,11636,11570,11699,11597,0
636,29.888952016830444,-0.554023,-0.382451,0.244311,-0.872936,0.851467,2.2228,0,0,0,0,0,0,11581,11557,11617,11599,11573,11655,11645,11604,11621,11634,10574,11632,11627,11550,11693,11600,0
637,29.936615705490112,-0.554025,-0.38243,0.244278,-0.872889,0.851388,2.222,0,0,0,0,0,0,11594,11561,11605,11587,11565,11662,11651,11614,11628,11635,10558,11616,11625,11560,11699,11607,0
638,29.98284077644348,-0.55402,-0.382434,0.244288,-0.872905,0.851429,2.2227,0,0,0,0,0,0,11574,11550,11602,11600,11570,11670,11662,11602,11614,11627,10569,11625,11638,11571,11699,11596,0
639,30.029744863510132,-0.554012,-0.382432,0.244298,-0.872796,0.851347,2.2227,0,0,0,0,0,0,11591,11557,11614,11602,11557,11657,11645,11604,11630,11637,10577,11629,11617,11554,11692,11606,0
640,30.07669734954834,-0.554025,-0.382436,0.244298,-0.872819,0.851107,2.2226,0,0,0,0,0,0,11595,11556,11600,11587,11559,11668,11654,11625,11635,11628,10561,11618,11633,11551,11706,11610,0
641,30.123466968536377,-0.553991,-0.382469,0.244368,-0.872836,0.851286,2.2227,0,0,0,0,0,0,11577,11546,11611,11600,11565,11671,11654,11608,11612,11631,10574,11625,11638,11565,11692,11595,0
642,30.17138147354126,-0.554017,-0.382461,0.244323,-0.8728,0.851086,2.2227,0,0,0,0,0,0,11593,11551,11613,11600,11559,11655,11645,11612,11623,11640,10575,11620,11623,11550,11693,11608,0
643,30.217644214630127,-0.554003,-0.382473,0.244319,-0.87278,0.851015,2.222,0,0,0,0,0,0,11599,11554,11600,11594,11569,11668,11658,11616,11626,11623,10561,11619,11637,11567,11707,11610,0
644,30.264642238616943,-0.554022,-0.382436,0.244356,-0.872795,0.851071,2.2226,0,0,0,0,0,0,11579,11547,11612,11601,11565,11678,11648,11599,11616,11634,10574,11629,11640,11560,11692,11594,0
645,30.311613082885742,-0.554017,-0.382454,0.244337,-0.872819,0.851117,2.2226,0,0,0,0,0,0,11589,11562,11618,11598,11558,11657,11649,11626,11625,11637,10576,11618,11622,11556,11706,11609,0
646,30.358728885650635,-0.554021,-0.382457,0.244318,-0.872783,0.851023,2.2226,0,0,0,0,0,0,11593,11548,11602,11581,11571,11669,11669,11627,11617,11615,10562,11624,11641,11561,11708,11607,0
647,30.405532836914062,-0.554021,-0.382437,0.244353,-0.872782,0.851064,2.2226,0,0,0,0,0,0,11578,11554,11617,11605,11572,11665,11651,11607,11617,11639,10570,11630,11640,11552,11688,11597,0
648,30.45334005355835,-0.55401,-0.382454,0.244316,-0.872779,0.850968,2.2226,0,0,0,0,0,0,11591,11560,11617,11590,11559,11658,11658,11613,11628,11642,10571,11610,11617,11554,11707,11604,0
649,30.499354600906372,-0.554009,-0.382444,0.244341,-0.872733,0.851095,2.2226,0,0,0,0,0,0,11584,11546,11603,11596,11565,11663,11659,11623,11614,11615,10565,11628,11634,11566,11708,11598,0
650,30.54738736152649,-0.554006,-0.382424,0.244304,-0.872724,0.851203,2.2226,0,0,0,0,0,0,11578,11557,11617,11604,11576,11661,11645,11604,11626,11640,10574,11630,11635,11554,11693,11598,0
651,30.593374967575073,-0.553996,-0.38245,0.244296,-0.872743,0.851269,2.222,0,0,0,0,0,0,11592,11564,11608,11589,11560,11662,11658,11621,11635,11643,10563,11618,11620,11569,11707,11611,0
652,30.641439199447632,-0.553991,-0.382477,0.244271,-0.872862,0.85123,2.222,0,0,0,0,0,0,11582,11551,11605,11604,11570,11676,11661,11605,11615,11624,10574,11631,11633,11570,11703,11596,0
653,30.68796443939209,-0.554009,-0.382446,0.244277,-0.87279,0.851194,2.2226,0,0,0,0,0,0,11599,11558,11611,11598,11561,11658,11644,11604,11620,11629,10580,11630,11618,11552,11694,11610,0
654,30.735358476638794,-0.554016,-0.382431,0.244297,-0.872766,0.851291,2.2226,0,0,0,0,0,0,11598,11557,11601,11583,11559,11666,11661,11611,11629,11627,10568,11617,11630,11561,11708,11615,0
655,30.78235912322998,-0.554012,-0.38244,0.244276,-0.872768,0.851251,2.2226,0,0,0,0,0,0,11575,11542,11610,11605,11561,11671,11658,11603,11615,11622,10578,11629,11643,11556,11696,11598,0
656,30.82934021949768,-0.553992,-0.382446,0.244293,-0.872728,0.851218,2.2226,0,0,0,0,0,0,11590,11559,11605,11606,11559,11657,11647,11613,11627,11635,10585,11630,11626,11559,11695,11609,0
657,30.87632727622986,-0.554009,-0.382442,0.244267,-0.872801,0.85115,2.2226,0,0,0,0,0,0,11597,11549,11600,11582,11564,11669,11649,11618,11631,11626,10568,11616,11636,11559,11700,11609,0
658,30.923428297042847,-0.554008,-0.382418,0.244311,-0.872693,0.851261,2.2226,0,0,0,0,0,0,11585,11546,11615,11605,11571,11671,11652,11600,11613,11632,10581,11631,11639,11564,11695,11596,0
659,30.97116208076477,-0.55401,-0.382427,0.244285,-0.872738,0.851181,2.2226,0,0,0,0,0,0,11599,11558,11616,11597,11558,11656,11650,11616,11629,11639,10583,11618,11620,11549,11703,11611,0
660,31.01724863052368,-0.554018,-0.38243,0.244283,-0.87279,0.851146,2.2226,0,0,0,0,0,0,11595,11542,11602,11591,11568,11662,11657,11615,11617,11623,10563,11619,11638,11568,11708,11608,0
661,31.064223051071167,-0.553993,-0.382451,0.244273,-0.872723,0.851066,2.2226,0,0,0,0,0,0,11582,11564,11615,11602,11572,11668,11648,11604,11617,11638,10582,11626,11641,11554,11692,11591,0
662,31.11089825630188,-0.553995,-0.382454,0.244293,-0.872789,0.85112,2.222,0,0,0,0,0,0,11590,11564,11614,11588,11562,11654,11654,11616,11627,11635,10568,11616,11614,11557,11701,11607,0
663,31.158016681671143,-0.553985,-0.382463,0.244289,-0.872812,0.851176,2.2226,0,0,0,0,0,0,11577,11549,11595,11584,11561,11667,11656,11612,11612,11618,10553,11624,11643,11556,11702,11597,0
664,31.204994916915894,-0.554006,-0.382446,0.244259,-0.872768,0.851091,2.2226,0,0,0,0,0,0,11577,11561,11609,11603,11572,11655,11643,11596,11626,11639,10580,11627,11636,11556,11690,11596,0
665,31.252084732055664,-0.553999,-0.382462,0.244253,-0.872791,0.851113,2.2226,0,0,0,0,0,0,11592,11568,11608,11583,11559,11661,11657,11619,11625,11640,10566,11618,11626,11553,11705,11608,0
666,31.299113988876343,-0.554,-0.382447,0.244309,-0.872721,0.851168,2.2226,0,0,0,0,0,0,11580,11553,11602,11604,11574,11667,11653,11604,11615,11624,10568,11629,11639,11564,11704,11597,0
667,31.346071004867554,-0.554007,-0.382453,0.244274,-0.872752,0.851136,2.2226,0,0,0,0,0,0,11588,11569,11615,11595,11564,11658,11647,11602,11627,11641,10575,11630,11626,11548,11693,11606,0
668,31.392884492874146,-0.554009,-0.382438,0.24427,-0.872753,0.851064,2.2226,0,0,0,0,0,0,11593,11567,11602,11593,11561,11666,11658,11618,11626,11631,10560,11608,11634,11567,11704,11607,0
669,31.440005779266357,-0.553983,-0.382461,0.244292,-0.872805,0.851152,2.2227,0,0,0,0,0,0,11577,11556,11612,11604,11574,11665,11657,11608,11615,11626,10579,11634,11641,11570,11694,11596,0
670,31.48758339881897,-0.553994,-0.382452,0.244287,-0.872784,0.851137,2.2226,0,0,0,0,0,0,11592,11569,11613,11605,11560,11655,11645,11613,11626,11639,10575,11629,11626,11550,11690,11612,0
671,31.533976316452026,-0.553992,-0.382455,0.244324,-0.87276,0.851243,2.2226,0,0,0,0,0,0,11589,11557,11600,11597,11562,11669,11661,11613,11628,11625,10554,11618,11646,11564,11708,11606,0
672,31.58094310760498,-0.55402,-0.382433,0.244269,-0.872793,0.851019,2.2226,0,0,0,0,0,0,11580,11551,11612,11602,11565,11670,11649,11601,11615,11631,10577,11629,11637,11570,11690,11598,0
673,31.627891302108765,-0.554012,-0.38243,0.244273,-0.872747,0.851037,2.222,0,0,0,0,0,0,11592,11560,11613,11599,11563,11658,11647,11615,11631,11642,10577,11618,11623,11554,11703,11607,0
674,31.674903869628906,-0.553995,-0.38245,0.244292,-0.872736,0.851159,2.2226,0,0,0,0,0,0,11591,11544,11600,11590,11563,11672,11662,11620,11622,11625,10569,11618,11638,11564,11706,11606,0
675,31.721929788589478,-0.554003,-0.38244,0.244307,-0.872705,0.851193,2.2226,0,0,0,0,0,0,11580,11556,11616,11603,11564,11677,11646,11601,11615,11638,10582,11633,11635,11555,11691,11598,0
676,31.768865823745728,-0.553997,-0.382471,0.244268,-0.872816,0.85101,2.2227,0,0,0,0,0,0,11594,11568,11615,11584,11557,11656,11659,11613,11627,11635,10577,11618,11619,11548,11703,11607,0
677,31.81587028503418,-0.553998,-0.382455,0.24428,-0.872741,0.85121,2.2226,0,0,0,0,0,0,11591,11544,11600,11591,11565,11668,11659,11610,11615,11624,10570,11628,11638,11565,11700,11604,0
678,31.862898349761963,-0.554023,-0.382424,0.24431,-0.872774,0.851257,2.2226,0,0,0,0,0,0,11581,11563,11614,11605,11577,11659,11645,11605,11620,11635,10590,11630,11635,11554,11691,11597,0
679,31.91072154045105,-0.554006,-0.382443,0.244278,-0.872721,0.851163,2.2226,0,0,0,0,0,0,11591,11565,11609,11588,11564,11659,11657,11616,11632,11636,10574,11618,11619,11552,11706,11611,0
680,31.956722497940063,-0.554013,-0.38244,0.244274,-0.87277,0.851191,2.2226,0,0,0,0,0,0,11580,11552,11603,11602,11572,11670,11666,11605,11615,11624,10576,11631,11638,11562,11702,11596,0
681,32.004204988479614,-0.554001,-0.38244,0.244283,-0.872699,0.851089,2.2226,0,0,0,0,0,0,11589,11562,11616,11603,11566,11658,11644,11607,11631,11638,10584,11632,11626,11549,11689,11602,0
682,32.05161166191101,-0.554022,-0.382451,0.24427,-0.872806,0.851136,2.2226,0,0,0,0,0,0,11593,11564,11602,11584,11561,11669,11656,11621,11629,11623,10572,11616,11625,11568,11706,11608,0
683,32.09761142730713,-0.554004,-0.382453,0.244254,-0.872792,0.851041,2.2226,0,0,0,0,0,0,11583,11550,11606,11605,11572,11679,11651,11607,11616,11627,10582,11634,11637,11563,11698,11597,0
684,32.14466071128845,-0.554014,-0.382438,0.244284,-0.872732,0.851089,2.2226,0,0,0,0,0,0,11593,11562,11616,11594,11560,11663,11646,11611,11634,11641,10582,11623,11622,11548,11693,11607,0
685,32.191588401794434,-0.554006,-0.382446,0.244297,-0.872766,0.85118,2.2226,0,0,0,0,0,0,11586,11557,11603,11583,11567,11667,11659,11614,11625,11626,10566,11616,11634,11568,11704,11610,0
686,32.23850774765015,-0.553991,-0.382468,0.244266,-0.87278,0.851029,2.2226,0,0,0,0,0,0,11577,11548,11613,11593,11573,11671,11649,11601,11623,11631,10582,11626,11642,11559,11690,11595,0
687,32.286633253097534,-0.554009,-0.382448,0.244274,-0.872727,0.851064,2.2226,0,0,0,0,0,0,11596,11563,11617,11591,11560,11657,11646,11615,11631,11635,10584,11615,11624,11557,11700,11612,0
688,32.332552909851074,-0.554008,-0.382448,0.244289,-0.872774,0.851225,2.2226,0,0,0,0,0,0,11590,11556,11601,11589,11563,11670,11661,11625,11622,11624,10576,11618,11636,11563,11706,11608,0
689,32.379287004470825,-0.554014,-0.382434,0.244263,-0.872735,0.851084,2.2225,0,0,0,0,0,0,11575,11556,11616,11602,11567,11669,11645,11606,11614,11637,10582,11629,11643,11556,11690,11593,0
690,32.42638397216797,-0.554002,-0.382444,0.244266,-0.872749,0.851075,2.2226,0,0,0,0,0,0,11587,11561,11618,11595,11568,11656,11655,11613,11626,11641,10574,11616,11629,11556,11702,11609,0
691,32.47349810600281,-0.55402,-0.382434,0.244265,-0.872788,0.851072,2.2226,0,0,0,0,0,0,11577,11549,11601,11593,11572,11671,11661,11629,11616,11614,10566,11628,11638,11564,11705,11599,0
692,32.520853996276855,-0.553995,-0.38245,0.244275,-0.872745,0.851035,2.2226,0,0,0,0,0,0,11580,11558,11617,11605,11567,11660,11645,11605,11621,11637,10582,11633,11640,11551,11691,11596,0
693,32.56742262840271,-0.554009,-0.382456,0.244265,-0.872813,0.851109,2.2226,0,0,0,0,0,0,11589,11564,11611,11591,11558,11657,11660,11625,11632,11643,10570,11618,11627,11564,11705,11609,0
694,32.614426136016846,-0.553988,-0.382454,0.244278,-0.87274,0.851079,2.2226,0,0,0,0,0,0,11583,11547,11602,11591,11565,11670,11660,11613,11621,11624,10563,11592,11572,11500,11647,11552,0
695,32.66171479225159,-0.554021,-0.382444,0.244261,-0.872761,0.851102,2.2226,0,0,0,0,0,0,11557,11535,11591,11583,11550,11635,11619,11576,11593,11610,10568,11626,11626,11543,11684,11597,0
696,32.70834422111511,-0.554018,-0.382434,0.244251,-0.872776,0.850982,2.2226,0,0,0,0,0,0,11589,11564,11602,11578,11555,11665,11657,11620,11630,11635,10562,11614,11616,11551,11704,11609,0
697,32.75532674789429,-0.553998,-0.382448,0.24428,-0.872703,0.851146,2.2226,0,0,0,0,0,0,11566,11552,11599,11601,11561,11666,11658,11611,11613,11613,10567,11626,11635,11560,11700,11595,0
698,32.8023202419281,-0.553993,-0.382455,0.244302,-0.872766,0.851214,2.2226,0,0,0,0,0,0,11583,11559,11622,11604,11558,11654,11645,11603,11628,11639,10578,11624,11617,11549,11691,11605,0
699,32.84926700592041,-0.554009,-0.382445,0.244285,-0.872729,0.85117,2.2226,0,0,0,0,0,0,11593,11558,11601,11589,11563,11675,11657,11620,11626,11626,10568,11614,11631,11568,11705,11606,0
700,32.89579153060913,-0.554011,-0.382438,0.244271,-0.872707,0.851181,2.2226,0,0,0,0,0,0,11577,11546,11610,11603,11563,11660,11654,11607,11612,11624,10578,11625,11636,11568,11692,11594,0
701,32.94316625595093,-0.554014,-0.382446,0.244278,-0.872761,0.851123,2.2226,0,0,0,0,0,0,11591,11549,11615,11602,11559,11657,11644,11622,11629,11634,10576,11617,11623,11550,11693,11605,0
702,32.99014401435852,-0.553985,-0.382463,0.244302,-0.872753,0.851157,2.222,0,0,0,0,0,0,11589,11553,11588,11579,11565,11664,11657,11610,11623,11621,10561,11614,11634,11558,11701,11611,0
703,33.03733706474304,-0.553996,-0.382448,0.244297,-0.872691,0.851154,2.2226,0,0,0,0,0,0,11580,11547,11607,11601,11562,11666,11648,11590,11612,11631,10578,11628,11636,11547,11688,11591,0
704,33.08405900001526,-0.553984,-0.382466,0.244255,-0.872738,0.85106,2.2227,0,0,0,0,0,0,11584,11557,11616,11589,11564,11655,11651,11608,11628,11637,10580,11618,11615,11553,11687,11609,0
705,33.13096857070923,-0.554014,-0.382429,0.244278,-0.872698,0.851124,2.2226,0,0,0,0,0,0,11581,11546,11599,11578,11568,11670,11655,11626,11614,11613,10560,11621,11639,11551,11700,11600,0
706,33.17805767059326,-0.553999,-0.382458,0.244284,-0.872805,0.851053,2.2226,0,0,0,0,0,0,11581,11553,11610,11598,11561,11660,11642,11596,11611,11631,10571,11626,11641,11544,11684,11594,0
707,33.2261278629303,-0.553989,-0.382456,0.244291,-0.872738,0.851086,2.2226,0,0,0,0,0,0,11596,11555,11612,11580,11563,11655,11655,11622,11625,11638,10566,11616,11614,11554,11704,11606,0
708,33.27199602127075,-0.554011,-0.382436,0.244312,-0.872775,0.851153,2.2226,0,0,0,0,0,0,11577,11543,11599,11591,11562,11661,11660,11619,11614,11621,10568,11625,11642,11570,11705,11594,0
709,33.31898760795593,-0.554001,-0.382476,0.244271,-0.872816,0.851147,2.2226,0,0,0,0,0,0,11573,11551,11613,11602,11564,11655,11650,11597,11625,11636,10576,11627,11634,11554,11688,11596,0
710,33.365944385528564,-0.554,-0.382448,0.244263,-0.872776,0.851036,2.222,0,0,0,0,0,0,11589,11562,11603,11582,11556,11666,11655,11623,11629,11634,10568,11613,11617,11555,11702,11608,0
711,33.41292643547058,-0.553985,-0.38247,0.244291,-0.872723,0.851197,2.2226,0,0,0,0,0,0,11579,11546,11600,11599,11561,11667,11657,11610,11615,11613,10563,11627,11635,11562,11697,11591,0
712,33.45984125137329,-0.554007,-0.382455,0.244285,-0.872745,0.851113,2.2226,0,0,0,0,0,0,11588,11555,11611,11601,11558,11652,11646,11609,11621,11632,10577,11625,11611,11551,11683,11602,0
713,33.507399797439575,-0.553991,-0.382445,0.244302,-0.872667,0.851177,2.2226,0,0,0,0,0,0,11589,11557,11600,11584,11566,11667,11657,11611,11626,11626,10565,11604,11623,11554,11704,11606,0
714,33.553555965423584,-0.553997,-0.382472,0.244267,-0.872805,0.851042,2.2226,0,0,0,0,0,0,11581,11543,11610,11600,11563,11669,11654,11609,11613,11622,10576,11620,11637,11564,11691,11597,0
715,33.603251218795776,-0.554004,-0.382435,0.24426,-0.872673,0.851101,2.2226,0,0,0,0,0,0,11589,11553,11614,11603,11563,11653,11643,11620,11620,11636,10581,11618,11625,11545,11692,11605,0
716,33.648380756378174,-0.55401,-0.382447,0.244291,-0.872789,0.851105,2.2226,0,0,0,0,0,0,11593,11555,11602,11592,11569,11659,11657,11611,11623,11621,10566,11604,11642,11569,11702,11608,0
717,33.69561743736267,-0.554,-0.382461,0.244286,-0.87274,0.851103,2.2226,0,0,0,0,0,0,11581,11544,11612,11601,11563,11667,11642,11601,11613,11633,10582,11627,11637,11566,11687,11603,0
718,33.742836236953735,-0.554,-0.38246,0.244266,-0.872803,0.85103,2.2226,0,0,0,0,0,0,11592,11555,11612,11588,11557,11655,11649,11612,11616,11635,10584,11613,11618,11548,11700,11610,0
719,33.78970742225647,-0.554021,-0.382439,0.244282,-0.872776,0.851081,2.2226,0,0,0,0,0,0,11587,11543,11602,11584,11568,11666,11658,11611,11616,11623,10562,11624,11637,11556,11704,11606,0
720,33.83716797828674,-0.55398,-0.382464,0.244258,-0.872778,0.850943,2.2226,0,0,0,0,0,0,11579,11551,11614,11601,11569,11659,11640,11603,11611,11633,10572,11624,11641,11544,11685,11590,0
721,33.88353419303894,-0.554013,-0.382454,0.244285,-0.872791,0.851163,2.2226,0,0,0,0,0,0,11592,11560,11607,11578,11564,11652,11651,11611,11624,11634,10572,11615,11624,11553,11704,11605,0
722,33.93062376976013,-0.554014,-0.382453,0.244263,-0.872797,0.851134,2.2226,0,0,0,0,0,0,11581,11553,11597,11593,11570,11669,11659,11611,11613,11627,10563,11626,11632,11552,11699,11590,0
723,33.978785276412964,-0.553994,-0.382461,0.244271,-0.872756,0.851078,2.2226,0,0,0,0,0,0,11575,11556,11607,11597,11565,11652,11639,11599,11618,11629,10572,11623,11629,11544,11684,11591,0
724,34.02466154098511,-0.553993,-0.382483,0.24427,-0.872796,0.851138,2.2226,0,0,0,0,0,0,11587,11561,11599,11579,11563,11657,11651,11610,11628,11634,10562,11613,11621,11563,11702,11604,0
725,34.07260584831238,-0.554007,-0.382451,0.244251,-0.872765,0.850976,2.2226,0,0,0,0,0,0,11581,11551,11597,11604,11562,11660,11664,11602,11611,11623,10572,11620,11634,11564,11698,11591,0
726,34.118447065353394,-0.553983,-0.382459,0.244283,-0.87276,0.851119,2.2227,0,0,0,0,0,0,11587,11561,11612,11600,11561,11652,11644,11600,11621,11634,10573,11628,11614,11547,11685,11605,0
727,34.166351318359375,-0.553995,-0.382458,0.244298,-0.872771,0.85116,2.2226,0,0,0,0,0,0,11594,11555,11596,11588,11558,11657,11655,11615,11625,11623,10562,11613,11628,11561,11703,11610,0
728,34.21219730377197,-0.553997,-0.382447,0.244289,-0.872704,0.851146,2.2226,0,0,0,0,0,0,11581,11555,11604,11604,11569,11666,11654,11601,11613,11622,10572,11626,11635,11553,11688,11591,0
729,34.26010012626648,-0.553999,-0.382487,0.244257,-0.872829,0.851061,2.2226,0,0,0,0,0,0,11589,11562,11613,11598,11557,11651,11642,11614,11628,11633,10581,11619,11620,11556,11690,11609,0
730,34.30694532394409,-0.554022,-0.382433,0.24426,-0.872738,0.851085,2.222,0,0,0,0,0,0,11587,11548,11595,11588,11571,11666,11654,11614,11626,11613,10565,11605,11632,11552,11703,11607,0
731,34.3538498878479,-0.553991,-0.382463,0.244265,-0.872734,0.851041,2.2226,0,0,0,0,0,0,11578,11547,11602,11601,11568,11667,11643,11599,11614,11631,10578,11628,11634,11556,11686,11590,0
732,34.3996946811676,-0.553983,-0.382479,0.244273,-0.87281,0.851072,2.2227,0,0,0,0,0,0,11588,11566,11613,11597,11555,11658,11646,11615,11627,11637,10580,11605,11614,11548,11699,11603,0
733,34.447566509246826,-0.553994,-0.382473,0.244254,-0.872785,0.851081,2.222,0,0,0,0,0,0,11593,11554,11596,11588,11566,11655,11654,11615,11615,11619,10564,11618,11633,11563,11700,11605,0
734,34.49344325065613,-0.554003,-0.382438,0.244272,-0.872718,0.851035,2.2226,0,0,0,0,0,0,11576,11547,11613,11602,11569,11661,11641,11601,11612,11634,10581,11625,11641,11546,11684,11597,0
735,34.54131746292114,-0.554001,-0.382467,0.244289,-0.872787,0.851076,2.2226,0,0,0,0,0,0,11589,11560,11613,11595,11565,11655,11652,11616,11615,11634,10572,11605,11620,11549,11701,11609,0
736,34.58918762207031,-0.554013,-0.382434,0.244262,-0.872731,0.851107,2.222,0,0,0,0,0,0,11579,11546,11597,11588,11568,11664,11658,11611,11611,11622,10568,11624,11642,11553,11703,11596,0
737,34.63506460189819,-0.55399,-0.382475,0.244259,-0.872812,0.851038,2.222,0,0,0,0,0,0,11576,11556,11610,11600,11562,11655,11642,11603,11621,11635,10579,11627,11637,11551,11677,11590,0
738,34.6814866065979,-0.554015,-0.382456,0.244263,-0.872799,0.851035,2.2226,0,0,0,0,0,0,11590,11562,11606,11577,11555,11655,11650,11614,11623,11632,10562,11612,11620,11553,11699,11600,0
739,34.72914481163025,-0.554008,-0.382452,0.244264,-0.872762,0.851001,2.2226,0,0,0,0,0,0,11574,11543,11599,11598,11564,11668,11658,11605,11612,11614,10579,11626,11642,11561,11701,11590,0
740,34.77619934082031,-0.554009,-0.382457,0.244239,-0.872814,0.85101,2.2226,0,0,0,0,0,0,11585,11561,11614,11597,11558,11654,11644,11605,11628,11636,10595,11628,11614,11545,11686,11601,0
